date,state,positive,negative,pending,hospitalizedCurrently,hospitalizedCumulative,inIcuCurrently,inIcuCumulative,onVentilatorCurrently,onVentilatorCumulative,recovered,death,hospitalized,total,totalTestResults,posNeg,deathIncrease,hospitalizedIncrease,negativeIncrease,positiveIncrease,totalTestResultsIncrease
20200519,AL,12376,145190,None,None,1453,None,517,None,306,None,504,1453,157566,157566,157566,15,37,153,290,443
20200518,AL,12086,145037,None,None,1416,None,512,None,302,None,489,1416,157123,157123,157123,1,24,458,315,773
20200517,AL,11771,144579,None,None,1392,None,504,None,296,None,488,1392,156350,156350,156350,3,5,2608,248,2856
20200516,AL,11523,141971,None,None,1387,None,501,None,295,None,485,1387,153494,153494,153494,9,10,7124,307,7431
20200515,AL,11216,134847,None,None,1377,None,497,None,293,None,476,1377,146063,146063,146063,9,27,3830,248,4078
20200514,AL,10968,131017,None,None,1350,None,489,None,291,None,467,1350,141985,141985,141985,18,33,5262,351,5613
20200513,AL,10617,125755,None,None,1317,None,477,None,284,None,449,1317,136372,136372,136372,20,30,2847,307,3154
20200512,AL,10310,122908,None,None,1287,None,468,None,280,None,429,1287,133218,133218,133218,28,31,3473,301,3774
20200511,AL,10009,119435,None,None,1256,None,463,None,276,None,401,1256,129444,129444,129444,8,16,1791,232,2023
20200510,AL,9777,117644,None,None,1240,None,460,None,274,None,393,1240,127421,127421,127421,5,12,1717,210,1927
20200509,AL,9567,115927,None,None,1228,None,459,None,272,None,388,1228,125494,125494,125494,13,21,5034,346,5380
20200508,AL,9221,110893,None,None,1207,None,454,None,266,None,375,1207,120114,120114,120114,26,29,4618,323,4941
20200507,AL,8898,106275,None,None,1178,None,448,None,266,None,349,1178,115173,115173,115173,9,20,5340,317,5657
20200506,AL,8581,100935,None,None,1158,None,442,None,264,None,340,1158,109516,109516,109516,27,51,2454,296,2750
20200505,AL,8285,98481,None,None,1107,None,428,None,255,None,313,1107,106766,106766,106766,17,43,3389,260,3649
20200504,AL,8025,95092,None,None,1064,None,411,None,247,None,296,1064,103117,103117,103117,6,29,10317,300,10617
20200503,AL,7725,84775,None,None,1035,None,403,None,242,None,290,1035,92500,92500,92500,2,12,0,291,291
20200502,AL,7434,84775,None,None,1023,None,335,None,195,None,288,1023,92209,92209,92209,9,15,0,276,276
20200501,AL,7158,84775,None,None,1008,None,335,None,195,None,279,1008,91933,91933,91933,10,30,4598,139,4737
20200430,AL,7019,80177,None,None,978,None,335,None,195,None,269,978,87196,87196,87196,24,33,6570,177,6747
20200429,AL,6842,73607,None,None,945,None,335,None,195,None,245,945,80449,80449,80449,3,34,4467,155,4622
20200428,AL,6687,69140,None,None,911,None,335,None,195,None,242,911,75827,75827,75827,20,39,1642,188,1830
20200427,AL,6499,67498,None,None,872,None,335,None,195,None,222,872,73997,73997,73997,6,27,217,229,446
20200426,AL,6270,67281,None,None,845,None,288,None,170,None,216,845,73551,73551,73551,4,6,2074,133,2207
20200425,AL,6137,65207,None,None,839,None,288,None,170,None,212,839,71344,71344,71344,15,71,18344,305,18649
20200424,AL,5832,46863,None,None,768,None,288,None,170,None,197,768,52695,52695,52695,0,0,0,54,54
20200423,AL,5778,46863,None,None,768,None,288,None,170,None,197,768,52641,52641,52641,3,38,3568,313,3881
20200422,AL,5465,43295,None,None,730,None,288,None,170,None,194,730,48760,48760,48760,17,31,0,234,234
20200421,AL,5231,43295,None,None,699,None,260,None,157,None,177,699,48526,48526,48526,10,58,2420,206,2626
20200420,AL,5025,40875,None,None,641,None,260,None,157,None,167,641,45900,45900,45900,13,0,0,188,188
20200419,AL,4837,40875,None,None,641,None,260,None,157,None,154,641,45712,45712,45712,8,21,2992,182,3174
20200418,AL,4655,37883,None,None,620,None,247,None,148,None,146,620,42538,42538,42538,2,26,4565,125,4690
20200417,AL,4530,33318,None,None,594,None,247,None,148,None,144,594,37848,37848,37848,11,41,1272,185,1457
20200416,AL,4345,32046,None,None,553,None,227,None,137,None,133,553,36391,36391,36391,12,28,2082,232,2314
20200415,AL,4113,29964,None,None,525,None,219,None,134,None,121,525,34077,34077,34077,11,32,723,237,960
20200414,AL,3876,29241,None,None,493,None,210,None,132,None,110,493,33117,33117,33117,11,36,3793,142,3935
20200413,AL,3734,25448,None,None,457,None,189,None,119,None,99,457,29182,29182,29182,6,20,7390,209,7599
20200412,AL,3525,18058,None,None,437,None,189,None,119,None,93,437,21583,21583,21583,2,35,0,334,334
20200411,AL,3191,18058,None,None,402,None,177,None,113,None,91,402,21249,21249,21249,11,34,0,223,223
20200410,AL,2968,18058,None,None,368,None,None,None,None,None,80,368,21026,21026,21026,6,35,0,199,199
20200409,AL,2769,18058,None,None,333,None,None,None,None,None,74,333,20827,20827,20827,8,19,1305,400,1705
20200408,AL,2369,16753,None,None,314,None,None,None,None,None,66,314,19122,19122,19122,10,43,3956,250,4206
20200407,AL,2119,12797,None,None,271,None,None,None,None,None,56,271,14916,14916,14916,6,31,0,151,151
20200406,AL,1968,12797,None,None,240,None,None,None,None,None,50,240,14765,14765,14765,5,9,1515,172,1687
20200405,AL,1796,11282,None,None,231,None,None,None,None,None,45,231,13078,13078,13078,2,19,2009,216,2225
20200404,AL,1580,9273,None,None,212,None,None,None,None,None,43,212,10853,10853,10853,8,212,1086,148,1234
20200403,AL,1432,8187,None,None,None,None,None,None,None,None,35,None,9619,9619,9619,3,0,684,199,883
20200402,AL,1233,7503,None,None,None,None,None,None,None,None,32,None,8736,8736,8736,6,0,806,156,962
20200401,AL,1077,6697,None,None,None,None,None,None,None,None,26,None,7774,7774,7774,13,0,399,96,495
20200331,AL,981,6298,None,None,None,None,None,None,None,None,13,None,7279,7279,7279,7,0,604,122,726
20200330,AL,859,5694,None,None,None,None,None,None,None,None,6,None,6553,6553,6553,2,0,1510,53,1563
20200329,AL,806,4184,None,None,None,None,None,None,None,None,4,None,4990,4990,4990,1,0,0,110,110
20200328,AL,696,4184,None,None,None,None,None,None,None,None,3,None,4880,4880,4880,0,0,0,109,109
20200327,AL,587,4184,None,None,None,None,None,None,None,None,3,None,4771,4771,4771,2,0,591,81,672
20200326,AL,506,3593,None,None,None,None,None,None,None,None,1,None,4099,4099,4099,1,0,1064,223,1287
20200325,AL,283,2529,None,None,None,None,None,None,None,None,0,None,2812,2812,2812,0,0,423,68,491
20200324,AL,215,2106,None,None,None,None,None,None,None,None,0,None,2321,2321,2321,0,0,441,48,489
20200323,AL,167,1665,None,None,None,None,None,None,None,None,0,None,1832,1832,1832,0,0,201,29,230
20200322,AL,138,1464,None,None,None,None,None,None,None,None,0,None,1602,1602,1602,0,0,1436,14,1450
20200321,AL,124,28,None,None,None,None,None,None,None,None,0,None,152,152,152,0,0,0,43,43
20200320,AL,81,28,None,None,None,None,None,None,None,None,0,None,109,109,109,0,0,0,13,13
20200319,AL,68,28,None,None,None,None,None,None,None,None,0,None,96,96,96,0,0,0,22,22
20200318,AL,46,28,None,None,None,None,None,None,None,None,0,None,74,74,74,0,0,0,10,10
20200317,AL,36,28,None,None,None,None,None,None,None,None,0,None,64,64,64,0,0,0,8,8
20200316,AL,28,28,40,None,None,None,None,None,None,None,0,None,96,56,56,0,0,0,16,16
20200315,AL,12,28,46,None,None,None,None,None,None,None,0,None,86,40,40,0,0,6,6,12
20200314,AL,6,22,46,None,None,None,None,None,None,None,None,None,74,28,28,0,0,11,5,16
20200313,AL,1,11,None,None,None,None,None,None,None,None,None,None,12,12,12,0,0,1,1,2
20200312,AL,0,10,None,None,None,None,None,None,None,None,None,None,10,10,10,0,0,0,0,0
20200311,AL,0,10,,,,,,,,,,,10,10,10,0,0,10,0,10
20200310,AL,0,0,0,,,,,,,,,,0,0,0,0,0,0,0,0
20200309,AL,0,,,,,,,,,,,,0,0,0,0,0,0,0,0
20200308,AL,0,,,,,,,,,,,,0,0,0,0,0,0,0,0
20200307,AL,0,,,,,,,,,,,,0,0,0,None,None,None,None,None
