date,state,positive,negative,pending,hospitalizedCurrently,hospitalizedCumulative,inIcuCurrently,inIcuCumulative,onVentilatorCurrently,onVentilatorCumulative,recovered,death,hospitalized,total,totalTestResults,posNeg,deathIncrease,hospitalizedIncrease,negativeIncrease,positiveIncrease,totalTestResultsIncrease
20200519,AR,4923,88778,None,78,535,None,None,14,101,3739,102,535,93701,93701,93701,2,5,8352,110,8462
20200518,AR,4813,80426,None,77,530,None,None,12,101,3645,100,530,85239,85239,85239,2,10,0,54,54
20200517,AR,4759,80426,None,65,520,None,None,9,101,3590,98,520,85185,85185,85185,0,0,3360,181,3541
20200516,AR,4578,77066,None,65,520,None,None,10,101,3472,98,520,81644,81644,81644,0,0,0,115,115
20200515,AR,4463,77066,None,65,520,None,None,9,101,3390,98,520,81529,81529,81529,1,11,5484,227,5711
20200514,AR,4236,71582,None,64,509,None,None,13,100,3277,97,509,75818,75818,75818,2,12,2531,72,2603
20200513,AR,4164,69051,None,59,497,None,None,12,99,3220,95,497,73215,73215,73215,0,12,2771,0,2771
20200512,AR,4164,66280,None,59,485,None,None,12,98,3220,95,485,70444,70444,70444,1,5,1284,130,1414
20200511,AR,4034,64996,None,61,480,None,None,11,98,3149,94,480,69030,69030,69030,6,9,3215,287,3502
20200510,AR,3747,61781,None,64,471,None,None,14,96,2968,88,471,65528,65528,65528,0,0,0,0,0
20200509,AR,3747,61781,None,64,471,None,None,14,96,2968,88,471,65528,65528,65528,0,5,1481,53,1534
20200508,AR,3694,60300,None,70,466,None,None,14,93,2159,88,466,63994,63994,63994,1,4,3916,83,3999
20200507,AR,3611,56384,None,69,462,None,None,14,93,2123,87,462,59995,59995,59995,2,9,949,43,992
20200506,AR,3568,55435,None,69,453,None,None,14,89,2109,85,453,59003,59003,59003,5,0,4296,72,4368
20200505,AR,3496,51139,None,89,453,None,None,16,89,2041,80,453,54635,54635,54635,-1,15,155,38,193
20200504,AR,3458,50984,None,91,438,None,None,16,88,2016,81,438,54442,54442,54442,5,11,1525,27,1552
20200503,AR,3431,49459,None,100,427,None,None,20,88,1999,76,427,52890,52890,52890,3,13,1249,59,1308
20200502,AR,3372,48210,None,95,414,None,None,20,85,1987,73,414,51582,51582,51582,9,0,1855,51,1906
20200501,AR,3321,46355,None,95,414,None,None,23,85,1973,64,414,49676,49676,49676,3,12,1231,66,1297
20200430,AR,3255,45124,None,95,402,None,None,23,85,1305,61,402,48379,48379,48379,2,13,2867,63,2930
20200429,AR,3192,42257,None,93,389,None,None,18,82,1249,59,389,45449,45449,45449,7,389,4697,81,4778
20200428,AR,3111,37560,None,104,None,None,None,20,None,1146,52,None,40671,40671,40671,2,0,120,94,214
20200427,AR,3017,37440,None,109,None,None,None,25,None,987,50,None,40457,40457,40457,1,0,912,76,988
20200426,AR,2941,36528,None,104,291,None,None,25,57,985,49,291,39469,39469,39469,2,0,1304,112,1416
20200425,AR,2829,35224,None,104,291,None,None,25,57,964,47,291,38053,38053,38053,2,0,2387,88,2475
20200424,AR,2741,32837,None,101,291,None,None,24,57,929,45,291,35578,35578,35578,0,0,3712,276,3988
20200423,AR,2465,29125,None,101,291,None,None,24,57,902,45,291,31590,31590,31590,3,0,1688,189,1877
20200422,AR,2276,27437,None,97,291,None,None,23,57,863,42,291,29713,29713,29713,-1,0,2223,49,2272
20200421,AR,2227,25214,None,86,291,None,None,27,57,809,43,291,27441,27441,27441,1,0,584,304,888
20200420,AR,1923,24630,None,93,291,None,None,24,57,749,42,291,26553,26553,26553,2,0,2202,142,2344
20200419,AR,1781,22428,None,88,291,None,None,25,57,721,40,291,24209,24209,24209,2,0,26,42,68
20200418,AR,1739,22402,None,86,291,None,None,22,57,703,38,291,24141,24141,24141,1,291,603,44,647
20200417,AR,1695,21799,None,83,None,None,None,21,None,593,37,None,23494,23494,23494,0,0,744,75,819
20200416,AR,1620,21055,None,85,None,None,None,21,None,548,37,None,22675,22675,22675,4,0,790,51,841
20200415,AR,1569,20265,None,83,130,None,43,26,39,489,33,130,21834,21834,21834,3,0,614,89,703
20200414,AR,1480,19651,None,81,130,None,43,29,39,427,30,130,21131,21131,21131,0,0,257,70,327
20200413,AR,1410,19394,None,74,130,None,43,28,39,391,30,130,20804,20804,20804,3,0,952,130,1082
20200412,AR,1280,18442,None,74,130,None,43,30,39,367,27,130,19722,19722,19722,3,0,1090,54,1144
20200411,AR,1226,17352,None,86,130,None,43,33,39,340,24,130,18578,18578,18578,1,0,1403,55,1458
20200410,AR,1171,15949,None,86,130,None,43,33,39,312,23,130,17120,17120,17120,2,0,2117,52,2169
20200409,AR,1119,13832,None,73,130,None,43,31,39,288,21,130,14951,14951,14951,3,0,302,119,421
20200408,AR,1000,13530,None,76,130,None,43,30,39,208,18,130,14530,14530,14530,2,-18,838,54,892
20200407,AR,946,12692,None,74,148,None,None,26,43,142,16,148,13638,13638,13638,0,11,722,71,793
20200406,AR,875,11970,None,74,137,None,None,22,39,102,16,137,12845,12845,12845,0,7,1558,45,1603
20200405,AR,830,10412,None,67,130,None,None,27,39,97,16,130,11242,11242,11242,2,24,785,87,872
20200404,AR,743,9627,None,72,106,None,None,23,39,79,14,106,10370,10370,10370,2,1,632,39,671
20200403,AR,704,8995,None,71,105,None,None,26,39,60,12,105,9699,9699,9699,0,5,1115,61,1176
20200402,AR,643,7880,None,66,100,None,None,23,32,47,12,100,8523,8523,8523,2,10,526,59,585
20200401,AR,584,7354,None,56,90,None,None,25,32,42,10,90,7938,7938,7938,2,90,1395,61,1456
20200331,AR,523,5959,None,64,None,None,None,23,None,35,8,None,6482,6482,6482,1,0,697,50,747
20200330,AR,473,5262,None,62,None,None,None,21,None,29,7,None,5735,5735,5735,1,0,2235,47,2282
20200329,AR,426,3027,None,43,None,None,None,16,None,28,6,None,3453,3453,3453,1,0,89,22,111
20200328,AR,404,2938,None,48,None,None,None,17,None,24,5,None,3342,3342,3342,2,0,1393,23,1416
20200327,AR,381,1545,None,48,None,None,None,17,None,19,3,None,1926,1926,1926,0,0,41,46,87
20200326,AR,335,1504,None,41,None,None,None,13,None,13,3,None,1839,1839,1839,1,0,67,55,122
20200325,AR,280,1437,None,22,None,None,None,4,None,11,2,None,1717,1717,1717,2,0,490,62,552
20200324,AR,218,947,None,22,None,None,None,None,None,None,0,None,1165,1165,1165,0,0,41,44,85
20200323,AR,174,906,None,13,None,None,None,None,None,None,0,None,1080,1080,1080,0,0,195,9,204
20200322,AR,165,711,119,13,None,None,None,None,None,None,0,None,995,876,876,0,0,144,47,191
20200321,AR,118,567,154,None,None,None,None,None,None,None,None,None,839,685,685,0,0,216,22,238
20200320,AR,96,351,203,None,None,None,None,None,None,None,None,None,650,447,447,0,0,41,50,91
20200319,AR,46,310,113,None,None,None,None,None,None,None,None,None,469,356,356,0,0,74,13,87
20200318,AR,33,236,50,None,None,None,None,None,None,None,None,None,319,269,269,0,0,39,11,50
20200317,AR,22,197,41,None,None,None,None,None,None,None,None,None,260,219,219,0,0,65,0,65
20200316,AR,22,132,14,None,None,None,None,None,None,None,None,None,168,154,154,0,0,29,6,35
20200315,AR,16,103,30,None,None,None,None,None,None,None,None,None,149,119,119,0,0,38,4,42
20200314,AR,12,65,26,None,None,None,None,None,None,None,None,None,103,77,77,0,0,35,3,38
20200313,AR,9,30,22,None,None,None,None,None,None,None,None,None,61,39,39,0,0,6,3,9
20200312,AR,6,24,20,None,None,None,None,None,None,None,None,None,50,30,30,0,0,12,6,18
20200311,AR,0,12,14,,,,,,,,,,26,12,12,0,0,0,0,0
20200310,AR,0,12,3,,,,,,,,,,15,12,12,0,0,0,0,0
20200309,AR,0,12,0,,,,,,,,,,12,12,12,0,0,6,0,6
20200308,AR,0,6,0,,,,,,,,,,6,6,6,0,0,0,0,0
20200307,AR,0,6,0,,,,,,,,,,6,6,6,0,0,0,0,0
20200306,AR,0,6,0,,,,,,,,,,6,6,6,None,None,None,None,None
