date,state,positive,negative,pending,hospitalizedCurrently,hospitalizedCumulative,inIcuCurrently,inIcuCumulative,onVentilatorCurrently,onVentilatorCumulative,recovered,death,hospitalized,total,totalTestResults,posNeg,deathIncrease,hospitalizedIncrease,negativeIncrease,positiveIncrease,totalTestResultsIncrease
20200519,CA,81795,1257521,None,4363,None,1307,None,None,None,None,3334,None,1339316,1339316,1339316,32,0,45279,1365,46644
20200518,CA,80430,1212242,None,4391,None,1325,None,None,None,None,3302,None,1292672,1292672,1292672,41,0,55838,1591,57429
20200517,CA,78839,1156404,None,4291,None,1293,None,None,None,None,3261,None,1235243,1235243,1235243,57,0,54071,2046,56117
20200516,CA,76793,1102333,None,4424,None,1313,None,None,None,None,3204,None,1179126,1179126,1179126,96,0,43363,1857,45220
20200515,CA,74936,1058970,None,4519,None,1324,None,None,None,None,3108,None,1133906,1133906,1133906,76,0,27483,1772,29255
20200514,CA,73164,1031487,None,4655,None,1324,None,None,None,None,3032,None,1104651,1104651,1104651,98,0,37036,2023,39059
20200513,CA,71141,994451,None,4545,None,1314,None,None,None,None,2934,None,1065592,1065592,1065592,87,0,30463,1759,32222
20200512,CA,69382,963988,None,4544,None,1349,None,None,None,None,2847,None,1033370,1033370,1033370,77,0,40030,1443,41473
20200511,CA,67939,923958,None,4549,None,1329,None,None,None,None,2770,None,991897,991897,991897,25,0,34974,1259,36233
20200510,CA,66680,888984,None,4555,None,1328,None,None,None,None,2745,None,955664,955664,955664,67,0,40975,2119,43094
20200509,CA,64561,848009,None,4538,None,1349,None,None,None,None,2678,None,912570,912570,912570,93,0,35249,2049,37298
20200508,CA,62512,812760,None,4514,None,1342,None,None,None,None,2585,None,875272,875272,875272,81,0,30500,1898,32398
20200507,CA,60614,782260,None,4560,None,1374,None,None,None,None,2504,None,842874,842874,842874,92,0,32039,1799,33838
20200506,CA,58815,750221,None,4681,None,1415,None,None,None,None,2412,None,809036,809036,809036,95,0,26531,2603,29134
20200505,CA,56212,723690,None,4622,None,1388,None,None,None,None,2317,None,779902,779902,779902,63,0,30753,1275,32028
20200504,CA,54937,692937,None,4616,None,1464,None,None,None,None,2254,None,747874,747874,747874,39,0,30802,1321,32123
20200503,CA,53616,662135,None,4734,None,1468,None,None,None,None,2215,None,715751,715751,715751,44,0,27529,1419,28948
20200502,CA,52197,634606,None,4722,None,1433,None,None,None,None,2171,None,686803,686803,686803,98,0,30063,1755,31818
20200501,CA,50442,604543,None,4706,None,1434,None,None,None,None,2073,None,654985,654985,654985,91,0,28123,1525,29648
20200430,CA,48917,576420,None,4981,None,1473,None,None,None,None,1982,None,625337,625337,625337,95,0,19781,2417,22198
20200429,CA,46500,556639,None,5011,None,1512,None,None,None,None,1887,None,603139,603139,603139,78,0,24062,1469,25531
20200428,CA,45031,532577,None,4983,None,1485,None,None,None,None,1809,None,577608,577608,577608,54,0,22632,1567,24199
20200427,CA,43464,509945,None,4878,None,1499,None,None,None,None,1755,None,553409,553409,553409,45,0,26025,1300,27325
20200426,CA,42164,483920,None,4928,None,1473,None,None,None,None,1710,None,526084,526084,526084,59,0,19022,1027,20049
20200425,CA,41137,464898,None,4847,None,1458,None,None,None,None,1651,None,506035,506035,506035,89,0,9979,1883,11862
20200424,CA,39254,454919,None,4880,None,1521,None,None,None,None,1562,None,494173,494173,494173,93,0,10191,1885,12076
20200423,CA,37369,444728,None,4929,None,1531,None,None,None,None,1469,None,482097,482097,482097,115,0,14797,1973,16770
20200422,CA,35396,429931,None,4984,None,1551,None,None,None,None,1354,None,465327,465327,465327,86,0,163092,2135,165227
20200421,CA,33261,266839,None,4886,None,1502,None,None,None,None,1268,None,300100,300100,300100,60,0,7317,2283,9600
20200420,CA,30978,259522,None,4674,None,1480,None,None,None,None,1208,None,290500,290500,290500,42,0,8955,645,9600
20200419,CA,30333,250567,7200,4731,None,1457,None,None,None,None,1166,None,288100,280900,280900,94,0,19864,1370,21234
20200418,CA,28963,230703,7200,4936,None,1490,None,None,None,None,1072,None,266866,259666,259666,87,0,6617,1435,8052
20200417,CA,27528,224086,7200,4892,None,1484,None,None,None,None,985,None,258814,251614,251614,95,0,3868,1346,5214
20200416,CA,26182,220218,13200,5031,None,1568,None,None,None,None,890,None,259600,246400,246400,69,0,28156,1758,29914
20200415,CA,24424,192062,13200,5163,None,1175,None,None,None,None,821,None,229686,216486,216486,63,0,13192,1086,14278
20200414,CA,23338,178870,13200,5163,None,1552,None,None,None,None,758,None,215408,202208,202208,71,0,10336,990,11326
20200413,CA,22348,168534,13200,3015,None,1178,None,None,None,None,687,None,204082,190882,190882,36,0,0,554,554
20200412,CA,21794,168534,13200,5234,None,1539,None,None,None,None,651,None,203528,190328,190328,42,0,15930,1179,17109
20200411,CA,20615,152604,13200,5236,None,1591,None,None,None,None,609,None,186419,173219,173219,68,0,7213,1143,8356
20200410,CA,19472,145391,13900,2897,None,1145,None,None,None,None,541,None,178763,164863,164863,49,0,200,1163,1363
20200409,CA,18309,145191,14100,2825,None,1132,None,None,None,None,492,None,177600,163500,163500,50,0,17884,1352,19236
20200408,CA,16957,127307,14600,2714,None,1154,None,None,None,None,442,None,158864,144264,144264,68,0,11943,1092,13035
20200407,CA,15865,115364,14100,2611,None,1108,None,None,None,None,374,None,145329,131229,131229,31,0,12269,1529,13798
20200406,CA,14336,103095,15000,2509,None,1085,None,None,None,None,343,None,132431,117431,117431,24,0,0,898,898
20200405,CA,13438,103095,15000,2398,None,1040,None,None,None,None,319,None,131533,116533,116533,43,0,1421,1412,2833
20200404,CA,12026,101674,13000,2300,None,1008,None,None,None,None,276,None,126700,113700,113700,39,0,77075,1325,78400
20200403,CA,10701,24599,59500,2188,None,901,None,None,None,None,237,None,94800,35300,35300,34,0,790,1510,2300
20200402,CA,9191,23809,59500,1922,None,816,None,None,None,None,203,None,92500,33000,33000,32,0,2037,1036,3073
20200401,CA,8155,21772,57400,1855,None,774,None,None,None,None,171,None,87327,29927,29927,18,0,0,673,673
20200331,CA,7482,21772,57400,1617,None,657,None,None,None,None,153,None,86654,29254,29254,20,0,1223,1035,2258
20200330,CA,6447,20549,64400,1432,None,597,None,None,None,None,133,None,91396,26996,26996,10,0,0,739,739
20200329,CA,5708,20549,64400,1034,None,410,None,None,None,None,123,None,90657,26257,26257,22,0,0,1065,1065
20200328,CA,4643,20549,64400,1034,None,410,None,None,None,None,101,None,89592,25192,25192,23,0,3169,764,3933
20200327,CA,3879,17380,57400,746,None,200,None,None,None,None,78,None,78659,21259,21259,13,0,0,873,873
20200326,CA,3006,17380,57400,None,None,None,None,None,None,None,65,None,77786,20386,20386,12,0,1459,651,2110
20200325,CA,2355,15921,48600,None,None,None,None,None,None,None,53,None,66876,18276,18276,13,0,2469,253,2722
20200324,CA,2102,13452,12100,None,None,None,None,None,None,None,40,None,27654,15554,15554,13,0,885,369,1254
20200323,CA,1733,12567,12100,None,None,None,None,None,None,None,27,None,26400,14300,14300,0,0,1263,197,1460
20200322,CA,1536,11304,None,None,None,None,None,None,None,None,27,None,12840,12840,12840,3,0,55,257,312
20200321,CA,1279,11249,None,None,None,None,None,None,None,None,24,None,12528,12528,12528,4,0,825,216,1041
20200320,CA,1063,10424,None,None,None,None,None,None,None,None,20,None,11487,11487,11487,2,0,1637,139,1776
20200319,CA,924,8787,None,None,None,None,None,None,None,None,18,None,9711,9711,9711,5,0,806,313,1119
20200318,CA,611,7981,None,None,None,None,None,None,None,None,13,None,8592,8592,8592,2,0,0,128,128
20200317,CA,483,7981,None,None,None,None,None,None,None,None,11,None,8464,8464,8464,5,0,0,148,148
20200316,CA,335,7981,None,None,None,None,None,None,None,None,6,None,8316,8316,8316,1,0,7065,42,7107
20200315,CA,293,916,None,None,None,None,None,None,None,None,5,None,1209,1209,1209,0,0,0,41,41
20200314,CA,252,916,None,None,None,None,None,None,None,None,5,None,1168,1168,1168,1,0,0,50,50
20200313,CA,202,916,None,None,None,None,None,None,None,None,4,None,1118,1118,1118,0,0,0,0,0
20200312,CA,202,916,None,None,None,None,None,None,None,None,4,None,1118,1118,1118,4,0,0,45,45
20200311,CA,157,916,,,,,,,,,,,1073,1073,1073,0,0,226,24,250
20200310,CA,133,690,,,,,,,,,,,823,823,823,0,0,0,19,19
20200309,CA,114,690,,,,,,,,,,,804,804,804,0,0,228,26,254
20200308,CA,88,462,,,,,,,,,,,550,550,550,0,0,0,19,19
20200307,CA,69,462,,,,,,,,,,,531,531,531,0,0,0,9,9
20200306,CA,60,462,,,,,,,,,,,522,522,522,0,0,0,7,7
20200305,CA,53,462,,,,,,,,,,,515,515,515,0,0,0,0,0
20200304,CA,53,462,,,,,,,,,,,515,515,515,None,None,None,None,None
