date,state,positive,negative,pending,hospitalizedCurrently,hospitalizedCumulative,inIcuCurrently,inIcuCumulative,onVentilatorCurrently,onVentilatorCumulative,recovered,death,hospitalized,total,totalTestResults,posNeg,deathIncrease,hospitalizedIncrease,negativeIncrease,positiveIncrease,totalTestResultsIncrease
20200519,DE,8037,36095,None,236,None,None,None,None,None,3760,304,None,44132,44132,44132,7,0,1506,168,1674
20200518,DE,7869,34589,None,240,None,None,None,None,None,3545,297,None,42458,42458,42458,7,0,1394,199,1593
20200517,DE,7670,33195,None,229,None,None,None,None,None,3478,290,None,40865,40865,40865,4,0,984,123,1107
20200516,DE,7547,32211,None,250,None,None,None,None,None,3367,286,None,39758,39758,39758,15,0,1306,174,1480
20200515,DE,7373,30905,None,269,None,None,None,None,None,3210,271,None,38278,38278,38278,11,0,1271,150,1421
20200514,DE,7223,29634,None,273,None,None,None,None,None,3080,260,None,36857,36857,36857,13,0,1833,271,2104
20200513,DE,6952,27801,None,282,None,None,None,None,None,2942,247,None,34753,34753,34753,10,0,1251,211,1462
20200512,DE,6741,26550,None,276,None,None,None,None,None,2802,237,None,33291,33291,33291,12,0,1187,176,1363
20200511,DE,6565,25363,None,275,None,None,None,None,None,2619,225,None,31928,31928,31928,1,0,771,118,889
20200510,DE,6447,24592,None,285,None,None,None,None,None,2537,224,None,31039,31039,31039,3,0,1573,170,1743
20200509,DE,6277,23019,None,288,None,None,None,None,None,2450,221,None,29296,29296,29296,8,0,866,166,1032
20200508,DE,6111,22153,None,289,None,None,None,None,None,2288,213,None,28264,28264,28264,11,0,766,172,938
20200507,DE,5939,21387,None,285,None,None,None,None,None,2110,202,None,27326,27326,27326,9,0,697,161,858
20200506,DE,5778,20690,None,299,None,None,None,None,None,2008,193,None,26468,26468,26468,6,0,1381,407,1788
20200505,DE,5371,19309,None,284,None,None,None,None,None,1847,187,None,24680,24680,24680,5,0,487,83,570
20200504,DE,5288,18822,None,281,None,None,None,None,None,1716,182,None,24110,24110,24110,5,0,293,80,373
20200503,DE,5208,18529,None,284,None,None,None,None,None,1640,177,None,23737,23737,23737,9,0,455,170,625
20200502,DE,5038,18074,None,300,None,None,None,None,None,1546,168,None,23112,23112,23112,9,0,407,120,527
20200501,DE,4918,17667,None,281,None,None,None,None,None,1403,159,None,22585,22585,22585,7,0,581,184,765
20200430,DE,4734,17086,None,296,None,None,None,None,None,1275,152,None,21820,21820,21820,8,0,203,79,282
20200429,DE,4655,16883,None,326,None,None,None,None,None,1173,144,None,21538,21538,21538,7,0,278,80,358
20200428,DE,4575,16605,None,337,None,None,None,None,None,1096,137,None,21180,21180,21180,12,0,1151,413,1564
20200427,DE,4162,15454,None,325,None,None,None,None,None,996,125,None,19616,19616,19616,5,0,239,128,367
20200426,DE,4034,15215,None,317,None,None,None,None,None,911,120,None,19249,19249,19249,8,0,1093,458,1551
20200425,DE,3576,14122,None,300,None,None,None,None,None,809,112,None,17698,17698,17698,12,0,185,134,319
20200424,DE,3442,13937,None,277,None,None,None,None,None,703,100,None,17379,17379,17379,8,0,333,134,467
20200423,DE,3308,13604,None,290,None,None,None,None,None,643,92,None,16912,16912,16912,3,0,251,108,359
20200422,DE,3200,13353,None,269,None,None,None,None,None,599,89,None,16553,16553,16553,7,0,-372,269,-103
20200421,DE,2931,13725,None,263,None,None,None,None,None,565,82,None,16656,16656,16656,10,0,0,186,186
20200420,DE,2745,13725,None,256,None,None,None,None,None,495,72,None,16470,16470,16470,5,0,1469,207,1676
20200419,DE,2538,12256,None,249,None,None,None,None,None,466,67,None,14794,14794,14794,6,0,562,215,777
20200418,DE,2323,11694,None,224,None,None,None,None,None,423,61,None,14017,14017,14017,0,0,0,0,0
20200417,DE,2323,11694,None,224,None,None,None,None,None,423,61,None,14017,14017,14017,9,0,419,248,667
20200416,DE,2075,11275,None,209,None,None,None,None,None,378,52,None,13350,13350,13350,6,0,187,61,248
20200415,DE,2014,11088,None,208,None,None,None,None,None,354,46,None,13102,13102,13102,5,0,545,253,798
20200414,DE,1761,10543,None,204,None,None,None,None,None,277,41,None,12304,12304,12304,6,0,348,136,484
20200413,DE,1625,10195,None,201,None,None,None,None,None,213,35,None,11820,11820,11820,2,0,571,146,717
20200412,DE,1479,9624,None,190,None,None,None,None,None,191,33,None,11103,11103,11103,0,0,0,0,0
20200411,DE,1479,9624,None,190,None,None,None,None,None,191,33,None,11103,11103,11103,10,0,-791,153,-638
20200410,DE,1326,10415,None,181,None,None,None,None,None,177,23,None,11741,11741,11741,0,0,1732,119,1851
20200409,DE,1207,8683,None,201,None,None,None,None,None,173,23,None,9890,9890,9890,7,0,1055,279,1334
20200408,DE,928,7628,None,147,None,None,None,None,None,144,16,None,8556,8556,8556,0,0,0,0,0
20200407,DE,928,7628,None,147,None,None,None,None,None,144,16,None,8556,8556,8556,2,0,1307,255,1562
20200406,DE,673,6321,None,101,None,None,None,None,None,71,14,None,6994,6994,6994,0,0,0,0,0
20200405,DE,673,6321,None,101,None,None,None,None,None,71,14,None,6994,6994,6994,0,0,447,80,527
20200404,DE,593,5874,None,95,None,None,None,None,None,71,14,None,6467,6467,6467,0,0,879,143,1022
20200403,DE,450,4995,None,63,None,None,None,None,None,71,14,None,5445,5445,5445,2,0,429,57,486
20200402,DE,393,4566,None,56,None,None,None,None,None,49,12,None,4959,4959,4959,1,0,551,25,576
20200401,DE,368,4015,None,51,None,None,None,None,None,49,11,None,4383,4383,4383,1,0,319,49,368
20200331,DE,319,3696,None,57,None,None,None,None,None,22,10,None,4015,4015,4015,4,0,1480,55,1535
20200330,DE,264,2216,None,45,None,None,None,None,None,9,6,None,2480,2480,2480,0,0,2180,32,2212
20200329,DE,232,36,None,33,None,None,None,None,None,9,6,None,268,268,268,3,0,0,18,18
20200328,DE,214,36,None,31,None,None,None,None,None,9,3,None,250,250,250,1,0,0,51,51
20200327,DE,163,36,None,15,None,None,None,None,None,9,2,None,199,199,199,1,0,0,33,33
20200326,DE,130,36,None,13,None,None,None,None,None,4,1,None,166,166,166,1,0,0,15,15
20200325,DE,115,36,None,11,None,None,None,None,None,None,0,None,151,151,151,0,0,0,24,24
20200324,DE,91,36,None,None,None,None,None,None,None,None,0,None,127,127,127,0,0,0,23,23
20200323,DE,68,36,None,None,None,None,None,None,None,None,0,None,104,104,104,0,0,0,12,12
20200322,DE,56,36,None,None,None,None,None,None,None,None,0,None,92,92,92,0,0,0,11,11
20200321,DE,45,36,None,None,None,None,None,None,None,None,0,None,81,81,81,0,0,0,7,7
20200320,DE,38,36,None,None,None,None,None,None,None,None,0,None,74,74,74,0,0,0,8,8
20200319,DE,30,36,None,None,None,None,None,None,None,None,0,None,66,66,66,0,0,0,5,5
20200318,DE,25,36,None,None,None,None,None,None,None,None,None,None,61,61,61,0,0,0,9,9
20200317,DE,16,36,None,None,None,None,None,None,None,None,None,None,52,52,52,0,0,0,8,8
20200316,DE,8,36,32,None,None,None,None,None,None,None,None,None,76,44,44,0,0,0,2,2
20200315,DE,6,36,32,None,None,None,None,None,None,None,None,None,74,42,42,0,0,0,0,0
20200314,DE,6,36,32,None,None,None,None,None,None,None,None,None,74,42,42,0,0,6,2,8
20200313,DE,4,30,10,None,None,None,None,None,None,None,None,None,44,34,34,0,0,7,0,7
20200312,DE,4,23,14,None,None,None,None,None,None,None,None,None,41,27,27,0,0,6,3,9
20200311,DE,1,17,2,,,,,,,,,,20,18,18,0,0,0,1,1
20200310,DE,0,17,3,,,,,,,,,,20,17,17,0,0,2,0,2
20200309,DE,0,15,3,,,,,,,,,,18,15,15,0,0,5,0,5
20200308,DE,0,10,0,,,,,,,,,,10,10,10,0,0,0,0,0
20200307,DE,0,10,0,,,,,,,,,,10,10,10,0,0,0,0,0
20200306,DE,0,10,0,,,,,,,,,,10,10,10,None,None,None,None,None
