date,state,positive,negative,pending,hospitalizedCurrently,hospitalizedCumulative,inIcuCurrently,inIcuCumulative,onVentilatorCurrently,onVentilatorCumulative,recovered,death,hospitalized,total,totalTestResults,posNeg,deathIncrease,hospitalizedIncrease,negativeIncrease,positiveIncrease,totalTestResultsIncrease
20200519,GA,38721,339435,None,986,7027,None,1589,None,None,None,1664,7027,378156,378156,378156,22,111,13227,640,13867
20200518,GA,38081,326208,None,1025,6916,None,1565,None,None,None,1642,6916,364289,364289,364289,36,126,12734,380,13114
20200517,GA,37701,313474,None,1010,6790,None,1557,None,None,None,1606,6790,351175,351175,351175,14,55,29552,554,30106
20200516,GA,37147,283922,None,1005,6735,None,1554,None,None,None,1592,6735,321069,321069,321069,35,297,18729,466,19195
20200515,GA,36681,265193,None,None,6438,None,1534,None,None,None,1557,6438,301874,301874,301874,30,93,15170,823,15993
20200514,GA,35858,250023,None,None,6345,None,1513,None,None,None,1527,6345,285881,285881,285881,22,86,11451,526,11977
20200513,GA,35332,238572,None,None,6259,None,1494,None,None,None,1505,6259,273904,273904,273904,44,129,11028,697,11725
20200512,GA,34635,227544,None,None,6130,None,1443,None,None,None,1461,6130,262179,262179,262179,20,115,10183,708,10891
20200511,GA,33927,217361,None,None,6015,None,1414,None,None,None,1441,6015,251288,251288,251288,36,18,7255,486,7741
20200510,GA,33441,210106,None,None,5997,None,1412,None,None,None,1405,5997,243547,243547,243547,5,10,7314,909,8223
20200509,GA,32532,202792,None,None,5987,None,1409,None,None,None,1400,5987,235324,235324,235324,23,52,7331,426,7757
20200508,GA,32106,195461,None,None,5935,None,1399,None,None,None,1377,5935,227567,227567,227567,41,100,9597,667,10264
20200507,GA,31439,185864,None,None,5835,None,1374,None,None,None,1336,5835,217303,217303,217303,25,70,12423,743,13166
20200506,GA,30696,173441,None,None,5765,None,1343,None,None,None,1311,5765,204137,204137,204137,23,131,2269,985,3254
20200505,GA,29711,171172,None,None,5634,None,1318,None,None,None,1288,5634,200883,200883,200883,66,108,17215,343,17558
20200504,GA,29368,153957,None,None,5526,None,1284,None,None,None,1222,5526,183325,183325,183325,45,133,7463,766,8229
20200503,GA,28602,146494,None,None,5393,None,1249,None,None,None,1177,5393,175096,175096,175096,3,6,0,296,296
20200502,GA,28306,146494,None,None,5387,None,1247,None,None,None,1174,5387,174800,174800,174800,20,118,5397,1036,6433
20200501,GA,27270,141097,None,None,5269,None,1215,None,None,None,1154,5269,168367,168367,168367,34,113,18208,1115,19323
20200430,GA,26155,122889,None,None,5156,None,1171,None,None,None,1120,5156,149044,149044,149044,27,100,4522,583,5105
20200429,GA,25572,118367,None,None,5056,None,1148,None,None,None,1093,5056,143939,143939,143939,67,242,2962,957,3919
20200428,GA,24615,115405,None,None,4814,None,1087,None,None,None,1026,4814,140020,140020,140020,55,133,12149,702,12851
20200427,GA,23913,103256,None,None,4681,None,1057,None,None,None,971,4681,127169,127169,127169,59,322,3434,512,3946
20200426,GA,23401,99822,None,None,4359,None,None,None,None,None,912,4359,123223,123223,123223,8,33,3503,706,4209
20200425,GA,22695,96319,None,None,4326,None,None,None,None,None,904,4326,119014,119014,119014,12,105,11290,548,11838
20200424,GA,22147,85029,None,None,4221,None,None,None,None,None,892,4221,107176,107176,107176,20,152,5479,635,6114
20200423,GA,21512,79550,None,None,4069,None,None,None,None,None,872,4069,101062,101062,101062,36,110,6218,772,6990
20200422,GA,20740,73332,None,None,3959,None,None,None,None,None,836,3959,94072,94072,94072,37,180,5073,859,5932
20200421,GA,19881,68259,None,None,3779,None,None,None,None,None,799,3779,88140,88140,88140,66,229,2878,934,3812
20200420,GA,18947,65381,None,None,3550,None,None,None,None,None,733,3550,84328,84328,84328,46,86,3749,646,4395
20200419,GA,18301,61632,None,None,3464,None,None,None,None,None,687,3464,79933,79933,79933,14,44,5093,632,5725
20200418,GA,17669,56539,None,None,3420,None,None,None,None,None,673,3420,74208,74208,74208,23,96,2049,475,2524
20200417,GA,17194,54490,None,None,3324,None,None,None,None,None,650,3324,71684,71684,71684,63,216,2220,1525,3745
20200416,GA,15669,52270,None,None,3108,None,None,None,None,None,587,3108,67939,67939,67939,35,186,3167,682,3849
20200415,GA,14987,49103,None,None,2922,None,None,None,None,None,552,2922,64090,64090,64090,51,153,1531,764,2295
20200414,GA,14223,47572,None,None,2769,None,None,None,None,None,501,2769,61795,61795,61795,37,180,3866,908,4774
20200413,GA,13315,43706,None,None,2589,None,None,None,None,None,464,2589,57021,57021,57021,31,84,1705,863,2568
20200412,GA,12452,42001,None,None,2505,None,None,None,None,None,433,2505,54453,54453,54453,5,26,2445,293,2738
20200411,GA,12159,39556,None,None,2479,None,None,None,None,None,428,2479,51715,51715,51715,12,128,4892,676,5568
20200410,GA,11483,34664,None,None,2351,None,None,None,None,None,416,2351,46147,46147,46147,37,192,4145,917,5062
20200409,GA,10566,30519,None,None,2159,None,None,None,None,None,379,2159,41085,41085,41085,17,166,1633,665,2298
20200408,GA,9901,28886,None,None,1993,None,None,None,None,None,362,1993,38787,38787,38787,33,219,3991,1083,5074
20200407,GA,8818,24895,None,None,1774,None,None,None,None,None,329,1774,33713,33713,33713,100,442,935,1504,2439
20200406,GA,7314,23960,None,None,1332,None,None,None,None,None,229,1332,31274,31274,31274,18,49,2775,667,3442
20200405,GA,6647,21185,None,None,1283,None,None,None,None,None,211,1283,27832,27832,27832,10,44,1051,487,1538
20200404,GA,6160,20134,None,None,1239,None,None,None,None,None,201,1239,26294,26294,26294,17,81,700,329,1029
20200403,GA,5831,19434,None,None,1158,None,None,None,None,None,184,1158,25265,25265,25265,21,102,1825,483,2308
20200402,GA,5348,17609,None,None,1056,None,None,None,None,None,163,1056,22957,22957,22957,24,104,1921,710,2631
20200401,GA,4638,15688,None,None,952,None,None,None,None,None,139,952,20326,20326,20326,28,119,3436,709,4145
20200331,GA,3929,12252,None,None,833,None,None,None,None,None,111,833,16181,16181,16181,24,126,2337,1120,3457
20200330,GA,2809,9915,None,None,707,None,None,None,None,None,87,707,12724,12724,12724,7,41,2,158,160
20200329,GA,2651,9913,None,None,666,None,None,None,None,None,80,666,12564,12564,12564,11,49,1228,285,1513
20200328,GA,2366,8685,None,None,617,None,None,None,None,None,69,617,11051,11051,11051,5,51,821,365,1186
20200327,GA,2001,7864,None,None,566,None,None,None,None,None,64,566,9865,9865,9865,16,93,463,476,939
20200326,GA,1525,7401,None,None,473,None,None,None,None,None,48,473,8926,8926,8926,8,79,2469,278,2747
20200325,GA,1247,4932,None,None,394,None,None,None,None,None,40,394,6179,6179,6179,8,394,474,221,695
20200324,GA,1026,4458,None,None,None,None,None,None,None,None,32,None,5484,5484,5484,7,0,161,254,415
20200323,GA,772,4297,None,None,None,None,None,None,None,None,25,None,5069,5069,5069,2,0,877,172,1049
20200322,GA,600,3420,None,None,None,None,None,None,None,None,23,None,4020,4020,4020,9,0,863,93,956
20200321,GA,507,2557,None,None,None,None,None,None,None,None,14,None,3064,3064,3064,1,0,591,87,678
20200320,GA,420,1966,None,None,None,None,None,None,None,None,13,None,2386,2386,2386,3,0,422,133,555
20200319,GA,287,1544,None,None,None,None,None,None,None,None,10,None,1831,1831,1831,9,0,233,90,323
20200318,GA,197,1311,None,None,None,None,None,None,None,None,1,None,1508,1508,1508,0,0,1311,51,1362
20200317,GA,146,None,None,None,None,None,None,None,None,None,1,None,146,146,146,0,0,0,25,25
20200316,GA,121,None,None,None,None,None,None,None,None,None,1,None,121,121,121,0,0,0,22,22
20200315,GA,99,None,None,None,None,None,None,None,None,None,1,None,99,99,99,0,0,0,33,33
20200314,GA,66,None,None,None,None,None,None,None,None,None,1,None,66,66,66,0,0,0,24,24
20200313,GA,42,None,None,None,None,None,None,None,None,None,1,None,42,42,42,1,0,0,11,11
20200312,GA,31,None,None,None,None,None,None,None,None,None,None,None,31,31,31,0,0,0,9,9
20200311,GA,22,,,,,,,,,,,,22,22,22,0,0,0,5,5
20200310,GA,17,,,,,,,,,,,,17,17,17,0,0,0,5,5
20200309,GA,12,,,,,,,,,,,,12,12,12,0,0,0,5,5
20200308,GA,7,,,,,,,,,,,,7,7,7,0,0,0,1,1
20200307,GA,6,,,,,,,,,,,,6,6,6,0,0,0,4,4
20200306,GA,2,,,,,,,,,,,,2,2,2,0,0,0,0,0
20200305,GA,2,,,,,,,,,,,,2,2,2,0,0,0,0,0
20200304,GA,2,,,,,,,,,,,,2,2,2,None,None,None,None,None
