date,state,positive,negative,pending,hospitalizedCurrently,hospitalizedCumulative,inIcuCurrently,inIcuCumulative,onVentilatorCurrently,onVentilatorCumulative,recovered,death,hospitalized,total,totalTestResults,posNeg,deathIncrease,hospitalizedIncrease,negativeIncrease,positiveIncrease,totalTestResultsIncrease
20200506,IA,10404,52767,None,414,None,151,None,103,None,3803,219,None,63171,63171,63171,12,0,2309,293,2602
20200505,IA,10111,50458,None,407,None,152,None,94,None,3572,207,None,60569,60569,60569,19,0,3000,408,3408
20200504,IA,9703,47458,None,389,None,143,None,93,None,3486,188,None,57161,57161,57161,4,0,3441,534,3975
20200503,IA,9169,44017,None,378,None,133,None,93,None,3325,184,None,53186,53186,53186,9,0,6309,528,6837
20200502,IA,8641,37708,None,353,None,131,None,90,None,3156,175,None,46349,46349,46349,5,0,0,757,757
20200501,IA,7884,37708,None,345,None,121,None,91,None,2899,170,None,45592,45592,45592,8,0,2186,739,2925
20200430,IA,7145,35522,None,335,None,121,None,86,None,2697,162,None,42667,42667,42667,14,0,1028,302,1330
20200429,IA,6843,34494,None,323,None,100,None,74,None,2428,148,None,41337,41337,41337,12,0,1047,467,1514
20200428,IA,6376,33447,None,304,None,98,None,64,None,2164,136,None,39823,39823,39823,9,0,1165,508,1673
20200427,IA,5868,32282,None,300,None,100,None,58,None,2021,127,None,38150,38150,38150,9,0,1668,392,2060
20200426,IA,5476,30614,None,286,None,99,None,55,None,1900,118,None,36090,36090,36090,6,0,1356,384,1740
20200425,IA,5092,29258,None,293,None,108,None,60,None,1723,112,None,34350,34350,34350,5,0,1730,647,2377
20200424,IA,4445,27528,None,278,None,104,None,60,None,1604,107,None,31973,31973,31973,11,0,2190,521,2711
20200423,IA,3924,25338,None,282,None,102,None,55,None,1492,96,None,29262,29262,29262,6,0,842,176,1018
20200422,IA,3748,24496,None,272,None,92,None,57,None,1428,90,None,28244,28244,28244,7,0,522,107,629
20200421,IA,3641,23974,None,214,None,89,None,60,None,1293,83,None,27615,27615,27615,4,0,1313,482,1795
20200420,IA,3159,22661,None,214,None,91,None,58,None,1235,79,None,25820,25820,25820,4,0,1013,257,1270
20200419,IA,2902,21648,None,198,None,86,None,54,None,1171,75,None,24550,24550,24550,1,0,1214,389,1603
20200418,IA,2513,20434,None,193,None,84,None,51,None,1095,74,None,22947,22947,22947,10,0,974,181,1155
20200417,IA,2332,19460,None,183,None,88,None,52,None,1007,64,None,21792,21792,21792,4,0,926,191,1117
20200416,IA,2141,18534,None,175,None,84,None,48,None,987,60,None,20675,20675,20675,7,0,660,146,806
20200415,IA,1995,17874,None,171,None,78,None,43,None,908,53,None,19869,19869,19869,4,0,888,96,984
20200414,IA,1899,16986,None,163,None,73,None,41,None,741,49,None,18885,18885,18885,6,0,0,189,189
20200413,IA,1710,16986,None,142,None,70,None,41,None,741,43,None,18696,18696,18696,2,0,981,123,1104
20200412,IA,1587,16005,None,129,None,55,None,30,None,674,41,None,17592,17592,17592,7,0,383,77,460
20200411,IA,1510,15622,None,118,None,55,None,30,None,585,34,None,17132,17132,17132,3,0,1057,122,1179
20200410,IA,1388,14565,None,125,None,55,None,30,None,506,31,None,15953,15953,15953,2,0,862,118,980
20200409,IA,1270,13703,None,122,None,None,None,None,None,476,29,None,14973,14973,14973,2,0,882,125,1007
20200408,IA,1145,12821,None,122,193,None,None,None,None,431,27,193,13966,13966,13966,1,0,1151,97,1248
20200407,IA,1048,11670,None,104,193,None,None,None,None,341,26,193,12718,12718,12718,1,14,1017,102,1119
20200406,IA,946,10653,None,99,179,None,None,None,None,284,25,179,11599,11599,11599,3,14,680,78,758
20200405,IA,868,9973,None,91,165,None,None,None,None,188,22,165,10841,10841,10841,8,12,519,82,601
20200404,IA,786,9454,None,85,153,None,None,None,None,188,14,153,10240,10240,10240,3,15,700,87,787
20200403,IA,699,8754,None,80,138,None,None,None,None,188,11,138,9453,9453,9453,0,18,700,85,785
20200402,IA,614,8054,None,74,120,None,None,None,None,46,11,120,8668,8668,8668,2,21,750,65,815
20200401,IA,549,7304,None,63,99,None,None,None,None,118,9,99,7853,7853,7853,2,5,416,52,468
20200331,IA,497,6888,None,61,94,None,None,None,None,33,7,94,7385,7385,7385,1,20,726,73,799
20200330,IA,424,6162,None,51,74,None,None,None,None,23,6,74,6586,6586,6586,2,6,1149,88,1237
20200329,IA,336,5013,None,51,68,None,None,None,None,17,4,68,5349,5349,5349,1,7,638,38,676
20200328,IA,298,4375,None,46,61,None,None,None,None,15,3,61,4673,4673,4673,0,11,635,63,698
20200327,IA,235,3740,None,32,50,None,None,None,None,18,3,50,3975,3975,3975,2,4,1162,56,1218
20200326,IA,179,2578,None,31,46,None,None,None,None,15,1,46,2757,2757,2757,0,10,0,34,34
20200325,IA,145,2578,None,23,36,None,None,None,None,None,1,36,2723,2723,2723,1,9,263,21,284
20200324,IA,124,2315,None,None,27,None,None,None,None,None,None,27,2439,2439,2439,0,27,272,19,291
20200323,IA,105,2043,None,None,None,None,None,None,None,None,None,None,2148,2148,2148,0,0,828,15,843
20200322,IA,90,1215,None,None,None,None,None,None,None,None,None,None,1305,1305,1305,0,0,166,22,188
20200321,IA,68,1049,None,None,None,None,None,None,None,None,None,None,1117,1117,1117,0,0,407,23,430
20200320,IA,45,642,None,None,None,None,None,None,None,None,None,None,687,687,687,0,0,559,7,566
20200319,IA,38,83,None,None,None,None,None,None,None,None,None,None,121,121,121,0,0,0,9,9
20200318,IA,29,83,None,None,None,None,None,None,None,None,None,None,112,112,112,0,0,0,6,6
20200317,IA,23,83,None,None,None,None,None,None,None,None,None,None,106,106,106,0,0,0,1,1
20200316,IA,22,83,None,None,None,None,None,None,None,None,None,None,105,105,105,0,0,0,4,4
20200315,IA,18,83,None,None,None,None,None,None,None,None,None,None,101,101,101,0,0,0,1,1
20200314,IA,17,83,None,None,None,None,None,None,None,None,None,None,100,100,100,0,0,0,1,1
20200313,IA,16,83,29,None,None,None,None,None,None,None,None,None,128,99,99,0,0,16,2,18
20200312,IA,14,67,24,None,None,None,None,None,None,None,None,None,105,81,81,0,0,21,1,22
20200311,IA,13,46,27,,,,,,,,,,86,59,59,0,0,14,5,19
20200310,IA,8,32,11,,,,,,,,,,51,40,40,0,0,6,5,11
20200309,IA,3,26,8,,,,,,,,,,37,29,29,0,0,11,3,14
20200308,IA,0,15,2,,,,,,,,,,17,15,15,0,0,0,0,0
20200307,IA,0,15,2,,,,,,,,,,17,15,15,0,0,0,0,0
20200306,IA,0,15,2,,,,,,,,,,17,15,15,None,None,None,None,None
