date,state,positive,negative,pending,hospitalizedCurrently,hospitalizedCumulative,inIcuCurrently,inIcuCumulative,onVentilatorCurrently,onVentilatorCumulative,recovered,death,hospitalized,total,totalTestResults,posNeg,deathIncrease,hospitalizedIncrease,negativeIncrease,positiveIncrease,totalTestResultsIncrease
20200519,ID,2455,35614,None,None,213,None,89,None,None,1649,74,213,38069,38069,38069,1,0,1361,36,1397
20200518,ID,2419,34253,None,None,213,None,89,None,None,1612,73,213,36672,36672,36672,0,0,0,0,0
20200517,ID,2419,34253,None,None,213,None,89,None,None,1612,73,213,36672,36672,36672,0,0,954,30,984
20200516,ID,2389,33299,None,None,213,None,89,None,None,1588,73,213,35688,35688,35688,1,1,905,38,943
20200515,ID,2351,32394,None,None,212,None,89,None,None,1573,72,212,34745,34745,34745,3,0,964,27,991
20200514,ID,2324,31430,None,None,212,None,88,None,None,1557,69,212,33754,33754,33754,0,-2,595,31,626
20200513,ID,2293,30835,None,None,214,None,88,None,None,1536,69,214,33128,33128,33128,-1,4,390,33,423
20200512,ID,2260,30445,None,None,210,None,87,None,None,1508,70,210,32705,32705,32705,3,3,533,30,563
20200511,ID,2230,29912,None,None,207,None,87,None,None,1473,67,207,32142,32142,32142,0,0,0,0,0
20200510,ID,2230,29912,None,None,207,None,87,None,None,1473,67,207,32142,32142,32142,0,1,311,25,336
20200509,ID,2205,29601,None,None,206,None,86,None,None,1442,67,206,31806,31806,31806,0,0,509,27,536
20200508,ID,2178,29092,None,None,206,None,86,None,None,1420,67,206,31270,31270,31270,1,1,360,20,380
20200507,ID,2158,28732,None,None,205,None,86,None,None,1399,66,205,30890,30890,30890,1,2,314,31,345
20200506,ID,2127,28418,None,None,203,None,84,None,None,1379,65,203,30545,30545,30545,1,2,216,21,237
20200505,ID,2106,28202,None,None,201,None,83,None,None,1358,64,201,30308,30308,30308,0,1,456,45,501
20200504,ID,2061,27746,None,None,200,None,83,None,None,1267,64,200,29807,29807,29807,1,0,0,0,0
20200503,ID,2061,27746,None,None,200,None,83,None,None,1267,63,200,29807,29807,29807,0,22,291,26,317
20200502,ID,2035,27455,None,None,178,None,76,None,None,1215,63,178,29490,29490,29490,0,0,245,20,265
20200501,ID,2015,27210,None,None,178,None,75,None,None,1175,63,178,29225,29225,29225,3,3,501,31,532
20200430,ID,1984,26709,None,None,175,None,74,None,None,1121,60,175,28693,28693,28693,0,2,279,32,311
20200429,ID,1952,26430,None,None,173,None,73,None,None,1087,60,173,28382,28382,28382,2,1,8295,35,8330
20200428,ID,1917,18135,None,None,172,None,73,None,None,1039,58,172,20052,20052,20052,2,3,137,20,157
20200427,ID,1897,17998,None,None,169,None,71,None,None,983,56,169,19895,19895,19895,0,0,320,10,330
20200426,ID,1887,17678,None,None,169,None,72,None,None,938,56,169,19565,19565,19565,2,1,187,17,204
20200425,ID,1870,17491,None,None,168,None,71,None,None,867,54,168,19361,19361,19361,0,2,236,34,270
20200424,ID,1836,17255,None,None,166,None,63,None,None,822,54,166,19091,19091,19091,0,4,965,34,999
20200423,ID,1802,16290,None,None,162,None,60,None,None,767,54,162,18092,18092,18092,3,4,326,36,362
20200422,ID,1766,15964,None,None,158,None,58,None,None,710,51,158,17730,17730,17730,3,1,40,30,70
20200421,ID,1736,15924,None,None,157,None,58,None,None,660,48,157,17660,17660,17660,3,6,151,64,215
20200420,ID,1672,15773,None,None,151,None,53,None,None,585,45,151,17445,17445,17445,1,0,572,4,576
20200419,ID,1668,15201,None,None,151,None,53,None,None,520,44,151,16869,16869,16869,1,0,247,13,260
20200418,ID,1655,14954,None,None,151,None,53,None,None,453,43,151,16609,16609,16609,2,3,380,46,426
20200417,ID,1609,14574,None,None,148,None,51,None,None,390,41,148,16183,16183,16183,0,5,330,22,352
20200416,ID,1587,14244,None,None,143,None,46,None,None,None,41,143,15831,15831,15831,2,2,310,123,433
20200415,ID,1464,13934,None,None,141,None,43,None,None,None,39,141,15398,15398,15398,6,6,273,11,284
20200414,ID,1453,13661,None,None,135,None,38,None,None,None,33,135,15114,15114,15114,6,3,206,27,233
20200413,ID,1426,13455,None,None,132,None,38,None,None,None,27,132,14881,14881,14881,0,1,554,19,573
20200412,ID,1407,12901,None,None,131,None,38,None,None,None,27,131,14308,14308,14308,2,3,533,11,544
20200411,ID,1396,12368,None,None,128,None,35,None,None,None,25,128,13764,13764,13764,1,1,627,43,670
20200410,ID,1353,11741,None,None,127,None,33,None,None,None,24,127,13094,13094,13094,6,14,442,121,563
20200409,ID,1232,11299,None,None,113,None,29,None,None,None,18,113,12531,12531,12531,3,20,611,22,633
20200408,ID,1210,10688,None,None,93,None,24,None,None,None,15,93,11898,11898,11898,2,10,612,40,652
20200407,ID,1170,10076,None,None,83,None,21,None,None,None,13,83,11246,11246,11246,3,6,182,69,251
20200406,ID,1101,9894,None,None,77,None,16,None,None,None,10,77,10995,10995,10995,0,11,710,24,734
20200405,ID,1077,9184,None,None,66,None,11,None,None,None,10,66,10261,10261,10261,0,4,1327,64,1391
20200404,ID,1013,7857,None,None,62,None,8,None,None,None,10,62,8870,8870,8870,1,6,803,122,925
20200403,ID,891,7054,None,None,56,None,7,None,None,None,9,56,7945,7945,7945,0,7,441,222,663
20200402,ID,669,6613,None,None,49,None,7,None,None,None,9,49,7282,7282,7282,0,3,537,144,681
20200401,ID,525,6076,None,None,46,None,7,None,None,None,9,46,6601,6601,6601,2,1,779,110,889
20200331,ID,415,5297,None,None,45,None,6,None,None,None,7,45,5712,5712,5712,1,6,901,105,1006
20200330,ID,310,4396,None,None,39,None,None,None,None,None,6,39,4706,4706,4706,1,3,375,49,424
20200329,ID,261,4021,None,None,36,None,None,None,None,None,5,36,4282,4282,4282,1,11,679,31,710
20200328,ID,230,3342,None,None,25,None,None,None,None,None,4,25,3572,3572,3572,1,25,674,41,715
20200327,ID,189,2668,None,None,None,None,None,None,None,None,3,None,2857,2857,2857,3,0,603,66,669
20200326,ID,123,2065,None,None,None,None,None,None,None,None,0,None,2188,2188,2188,0,0,178,50,228
20200325,ID,73,1887,None,None,None,None,None,None,None,None,0,None,1960,1960,1960,0,0,0,23,23
20200324,ID,50,1887,None,None,None,None,None,None,None,None,0,None,1937,1937,1937,0,0,578,3,581
20200323,ID,47,1309,None,None,None,None,None,None,None,None,0,None,1356,1356,1356,0,0,134,5,139
20200322,ID,42,1175,None,None,None,None,None,None,None,None,0,None,1217,1217,1217,0,0,295,11,306
20200321,ID,31,880,None,None,None,None,None,None,None,None,None,None,911,911,911,0,0,290,8,298
20200320,ID,23,590,None,None,None,None,None,None,None,None,None,None,613,613,613,0,0,131,12,143
20200319,ID,11,459,None,None,None,None,None,None,None,None,None,None,470,470,470,0,0,0,2,2
20200318,ID,9,459,None,None,None,None,None,None,None,None,None,None,468,468,468,0,0,113,2,115
20200317,ID,7,346,None,None,None,None,None,None,None,None,None,None,353,353,353,0,0,81,2,83
20200316,ID,5,265,None,None,None,None,None,None,None,None,None,None,270,270,270,0,0,91,0,91
20200315,ID,5,174,None,None,None,None,None,None,None,None,None,None,179,179,179,0,0,0,3,3
20200314,ID,2,174,None,None,None,None,None,None,None,None,None,None,176,176,176,0,0,43,2,45
20200313,ID,0,131,None,None,None,None,None,None,None,None,None,None,131,131,131,0,0,38,0,38
20200312,ID,0,93,None,None,None,None,None,None,None,None,None,None,93,93,93,0,0,26,0,26
20200311,ID,0,67,,,,,,,,,,,67,67,67,0,0,26,0,26
20200310,ID,0,41,,,,,,,,,,,41,41,41,0,0,0,0,0
20200309,ID,0,41,,,,,,,,,,,41,41,41,0,0,14,0,14
20200308,ID,0,27,,,,,,,,,,,27,27,27,0,0,0,0,0
20200307,ID,0,27,,,,,,,,,,,27,27,27,None,None,None,None,None
