date,state,positive,negative,pending,hospitalizedCurrently,hospitalizedCumulative,inIcuCurrently,inIcuCumulative,onVentilatorCurrently,onVentilatorCumulative,recovered,death,hospitalized,total,totalTestResults,posNeg,deathIncrease,hospitalizedIncrease,negativeIncrease,positiveIncrease,totalTestResultsIncrease
20200506,KY,5822,55192,None,347,1603,189,685,None,None,2058,275,1603,61014,61014,61014,14,74,390,577,967
20200505,KY,5245,54802,None,333,1529,174,659,None,None,1892,261,1529,60047,60047,60047,8,10,1523,115,1638
20200504,KY,5130,53279,None,329,1519,170,654,None,None,1892,253,1519,58409,58409,58409,5,108,509,251,760
20200503,KY,4879,52770,None,334,1411,178,652,None,None,1752,248,1411,57649,57649,57649,0,0,0,0,0
20200502,KY,4879,52770,None,334,1411,178,652,None,None,1752,248,1411,57649,57649,57649,8,36,866,171,1037
20200501,KY,4708,51904,None,330,1375,178,642,None,None,1675,240,1375,56612,56612,56612,5,16,2342,169,2511
20200430,KY,4539,49562,None,325,1359,176,636,None,None,1668,235,1359,54101,54101,54101,10,28,1526,164,1690
20200429,KY,4375,48036,None,320,1331,170,625,None,None,1617,225,1331,52411,52411,52411,12,50,3383,229,3612
20200428,KY,4146,44653,None,313,1281,165,612,None,None,1521,213,1281,48799,48799,48799,5,7,253,72,325
20200427,KY,4074,44400,None,308,1274,166,608,None,None,1511,208,1274,48474,48474,48474,3,8,1747,169,1916
20200426,KY,3905,42653,None,301,1266,164,605,None,None,1501,205,1266,46558,46558,46558,5,123,1470,126,1596
20200425,KY,3779,41183,None,303,1143,164,575,None,None,1341,200,1143,44962,44962,44962,9,28,1820,298,2118
20200424,KY,3481,39363,None,302,1115,163,570,None,None,1335,191,1115,42844,42844,42844,6,10,6661,108,6769
20200423,KY,3373,32702,None,301,1105,161,564,None,None,1311,185,1105,36075,36075,36075,14,29,2566,181,2747
20200422,KY,3192,30136,None,286,1076,165,558,None,None,1266,171,1076,33328,33328,33328,17,17,366,142,508
20200421,KY,3050,29770,None,263,1059,147,582,None,None,1174,154,1059,32820,32820,32820,6,0,158,90,248
20200420,KY,2960,29612,None,274,1059,155,534,None,None,1174,148,1059,32572,32572,32572,4,0,94,253,347
20200419,KY,2707,29518,None,274,1059,155,534,None,None,1174,144,1059,32225,32225,32225,7,51,1444,185,1629
20200418,KY,2522,28074,None,360,1008,227,514,None,None,979,137,1008,30596,30596,30596,8,37,756,93,849
20200417,KY,2429,27318,None,477,971,333,506,None,None,956,129,971,29747,29747,29747,7,164,1285,138,1423
20200416,KY,2291,26033,None,412,807,252,367,None,None,862,122,807,28324,28324,28324,7,120,546,81,627
20200415,KY,2210,25487,None,305,687,137,263,None,None,653,115,687,27697,27697,27697,11,14,852,162,1014
20200414,KY,2048,24635,None,299,673,136,259,None,None,629,104,673,26683,26683,26683,7,6,732,85,817
20200413,KY,1963,23903,None,289,667,136,256,None,None,607,97,667,25866,25866,25866,3,208,1176,123,1299
20200412,KY,1840,22727,None,271,459,105,177,None,None,464,94,459,24567,24567,24567,4,0,132,147,279
20200411,KY,1693,22595,None,271,459,105,177,None,None,464,90,459,24288,24288,24288,0,0,0,0,0
20200410,KY,1693,22595,None,271,459,105,177,None,None,464,90,459,24288,24288,24288,17,459,2140,347,2487
20200409,KY,1346,20455,None,None,None,None,None,None,None,None,73,None,21801,21801,21801,8,0,0,197,197
20200408,KY,1149,20455,None,None,None,None,None,None,None,None,65,None,21604,21604,21604,6,0,1508,141,1649
20200407,KY,1008,18947,None,None,None,None,None,None,None,None,59,None,19955,19955,19955,14,0,1135,53,1188
20200406,KY,955,17812,None,None,None,None,None,None,None,None,45,None,18767,18767,18767,5,0,2066,38,2104
20200405,KY,917,15746,None,None,None,None,None,None,None,None,40,None,16663,16663,16663,3,0,1005,86,1091
20200404,KY,831,14741,None,None,None,None,None,None,None,None,37,None,15572,15572,15572,6,0,2707,61,2768
20200403,KY,770,12034,None,None,None,None,None,None,None,None,31,None,12804,12804,12804,11,0,4814,90,4904
20200402,KY,680,7220,None,None,None,None,None,None,None,None,20,None,7900,7900,7900,3,0,255,89,344
20200401,KY,591,6965,None,None,None,None,None,None,None,None,17,None,7556,7556,7556,6,0,635,111,746
20200331,KY,480,6330,None,None,None,None,None,None,None,None,11,None,6810,6810,6810,2,0,751,41,792
20200330,KY,439,5579,None,None,None,None,None,None,None,None,9,None,6018,6018,6018,0,0,432,45,477
20200329,KY,394,5147,None,None,None,None,None,None,None,None,9,None,5541,5541,5541,1,0,326,92,418
20200328,KY,302,4821,None,None,None,None,None,None,None,None,8,None,5123,5123,5123,2,0,1053,54,1107
20200327,KY,248,3768,None,None,None,None,None,None,None,None,6,None,4016,4016,4016,2,0,666,50,716
20200326,KY,198,3102,None,None,None,None,None,None,None,None,4,None,3300,3300,3300,0,0,237,41,278
20200325,KY,157,2865,None,None,None,None,None,None,None,None,4,None,3022,3022,3022,0,0,1103,33,1136
20200324,KY,124,1762,None,None,None,None,None,None,None,None,4,None,1886,1886,1886,1,0,0,20,20
20200323,KY,104,1762,None,None,None,None,None,None,None,None,3,None,1866,1866,1866,0,0,290,5,295
20200322,KY,99,1472,None,None,None,None,None,None,None,None,3,None,1571,1571,1571,1,0,758,45,803
20200321,KY,54,714,None,None,None,None,None,None,None,None,2,None,768,768,768,1,0,122,7,129
20200320,KY,47,592,None,None,None,None,None,None,None,None,1,None,639,639,639,0,0,138,12,150
20200319,KY,35,454,None,None,None,None,None,None,None,None,1,None,489,489,489,0,0,100,9,109
20200318,KY,26,354,None,None,None,None,None,None,None,None,1,None,380,380,380,0,0,59,4,63
20200317,KY,22,295,None,None,None,None,None,None,None,None,1,None,317,317,317,0,0,61,1,62
20200316,KY,21,234,None,None,None,None,None,None,None,None,1,None,255,255,255,1,0,95,5,100
20200315,KY,16,139,None,None,None,None,None,None,None,None,None,None,155,155,155,0,0,0,2,2
20200314,KY,14,139,None,None,None,None,None,None,None,None,None,None,153,153,153,0,0,32,3,35
20200313,KY,11,107,None,None,None,None,None,None,None,None,None,None,118,118,118,0,0,51,3,54
20200312,KY,8,56,None,None,None,None,None,None,None,None,None,None,64,64,64,0,0,10,0,10
20200311,KY,8,46,,,,,,,,,,,54,54,54,0,0,18,2,20
20200310,KY,6,28,,,,,,,,,,,34,34,34,0,0,11,2,13
20200309,KY,4,17,,,,,,,,,,,21,21,21,0,0,4,3,7
20200308,KY,1,13,,,,,,,,,,,14,14,14,0,0,4,0,4
20200307,KY,1,9,,,,,,,,,,,10,10,10,0,0,2,1,3
20200306,KY,0,7,3,,,,,,,,,,10,7,7,None,None,None,None,None
