date,state,positive,negative,pending,hospitalizedCurrently,hospitalizedCumulative,inIcuCurrently,inIcuCumulative,onVentilatorCurrently,onVentilatorCumulative,recovered,death,hospitalized,total,totalTestResults,posNeg,deathIncrease,hospitalizedIncrease,negativeIncrease,positiveIncrease,totalTestResultsIncrease
20200519,LA,35038,243035,None,1004,None,None,None,112,None,26249,2581,None,278073,278073,278073,18,0,7996,329,8325
20200518,LA,34709,235039,None,1031,None,None,None,118,None,26249,2563,None,269748,269748,269748,72,0,4301,277,4578
20200517,LA,34432,230738,None,1019,None,None,None,111,None,22608,2491,None,265170,265170,265170,12,0,5113,315,5428
20200516,LA,34117,225625,None,1028,None,None,None,123,None,22608,2479,None,259742,259742,259742,31,0,6273,280,6553
20200515,LA,33837,219352,None,1091,None,None,None,132,None,22608,2448,None,253189,253189,253189,31,0,5253,348,5601
20200514,LA,33489,214099,None,1193,None,None,None,140,None,22608,2417,None,247588,247588,247588,36,0,8857,827,9684
20200513,LA,32662,205242,None,1194,None,None,None,147,None,22608,2381,None,237904,237904,237904,34,0,9280,612,9892
20200512,LA,32050,195962,None,1320,None,None,None,146,None,22608,2347,None,228012,228012,228012,39,0,6947,235,7182
20200511,LA,31815,189015,None,1310,None,None,None,157,None,22608,2308,None,220830,220830,220830,22,0,4743,215,4958
20200510,LA,31600,184272,None,1324,None,None,None,161,None,20316,2286,None,215872,215872,215872,19,0,3532,183,3715
20200509,LA,31417,180740,None,1333,None,None,None,165,None,20316,2267,None,212157,212157,212157,40,0,9179,562,9741
20200508,LA,30855,171561,None,1359,None,None,None,185,None,20316,2227,None,202416,202416,202416,19,0,1446,203,1649
20200507,LA,30652,170115,None,1432,None,None,None,189,None,20316,2208,None,200767,200767,200767,93,0,5842,253,6095
20200506,LA,30399,164273,None,1465,None,None,None,187,None,20316,2115,None,194672,194672,194672,0,0,6038,403,6441
20200505,LA,29996,158235,None,1512,None,None,None,194,None,20316,2115,None,188231,188231,188231,51,0,6977,323,7300
20200504,LA,29673,151258,None,1502,None,None,None,220,None,20316,2064,None,180931,180931,180931,95,0,4438,333,4771
20200503,LA,29340,146820,None,1530,None,None,None,213,None,17303,1969,None,176160,176160,176160,19,0,3102,200,3302
20200502,LA,29140,143718,None,1545,None,None,None,208,None,17303,1950,None,172858,172858,172858,23,0,4178,429,4607
20200501,LA,28711,139540,None,1607,None,None,None,230,None,17303,1927,None,168251,168251,168251,65,0,6232,710,6942
20200430,LA,28001,133308,None,1601,None,None,None,231,None,17303,1862,None,161309,161309,161309,60,0,4400,341,4741
20200429,LA,27660,128908,None,1629,None,None,None,244,None,17303,1802,None,156568,156568,156568,44,0,5086,374,5460
20200428,LA,27286,123822,None,1666,None,None,None,244,None,17303,1758,None,151108,151108,151108,61,0,3901,218,4119
20200427,LA,27068,119921,None,1683,None,None,None,262,None,17303,1697,None,146989,146989,146989,27,0,3658,295,3953
20200426,LA,26773,116263,None,1701,None,None,None,265,None,14927,1670,None,143036,143036,143036,26,0,3773,261,4034
20200425,LA,26512,112490,None,1700,None,None,None,268,None,14927,1644,None,139002,139002,139002,43,0,518,372,890
20200424,LA,26140,111972,None,1697,None,None,None,286,None,14927,1601,None,138112,138112,138112,61,0,198,401,599
20200423,LA,25739,111774,None,1727,None,None,None,274,None,14927,1540,None,137513,137513,137513,67,0,186,481,667
20200422,LA,25258,111588,None,1747,None,None,None,287,None,14927,1473,None,136846,136846,136846,68,0,0,404,404
20200421,LA,24854,111588,None,1798,None,None,None,297,None,None,1405,None,136442,136442,136442,77,0,0,331,331
20200420,LA,24523,111588,None,1794,None,None,None,332,None,None,1328,None,136111,136111,136111,32,0,168,595,763
20200419,LA,23928,111420,None,1748,None,None,None,349,None,None,1296,None,135348,135348,135348,29,0,-2999,348,-2651
20200418,LA,23580,114419,None,1761,None,None,None,347,None,None,1267,None,137999,137999,137999,54,0,5550,462,6012
20200417,LA,23118,108869,None,1868,None,None,None,363,None,None,1213,None,131987,131987,131987,57,0,4815,586,5401
20200416,LA,22532,104054,None,1914,None,None,None,396,None,None,1156,None,126586,126586,126586,53,0,4077,581,4658
20200415,LA,21951,99977,None,1943,None,None,None,425,None,None,1103,None,121928,121928,121928,90,0,3073,433,3506
20200414,LA,21518,96904,None,1977,None,None,None,436,None,None,1013,None,118422,118422,118422,129,0,9829,502,10331
20200413,LA,21016,87075,None,2134,None,None,None,461,None,None,884,None,108091,108091,108091,44,0,3625,421,4046
20200412,LA,20595,83450,None,2084,None,None,None,458,None,None,840,None,104045,104045,104045,34,0,6549,581,7130
20200411,LA,20014,76901,None,2067,None,None,None,470,None,None,806,None,96915,96915,96915,51,0,3874,761,4635
20200410,LA,19253,73027,None,2054,None,None,None,479,None,None,755,None,92280,92280,92280,53,0,4391,970,5361
20200409,LA,18283,68636,None,2014,None,None,None,473,None,None,702,None,86919,86919,86919,50,0,4260,1253,5513
20200408,LA,17030,64376,None,1983,None,None,None,490,None,None,652,None,81406,81406,81406,70,0,6005,746,6751
20200407,LA,16284,58371,None,1996,None,None,None,519,None,None,582,None,74655,74655,74655,70,0,4072,1417,5489
20200406,LA,14867,54299,None,1981,None,None,None,552,None,None,512,None,69166,69166,69166,35,0,6984,1857,8841
20200405,LA,13010,47315,None,1803,None,None,None,561,None,None,477,None,60325,60325,60325,68,0,1313,514,1827
20200404,LA,12496,46002,None,1726,None,None,None,571,None,None,409,None,58498,58498,58498,39,0,2654,2199,4853
20200403,LA,10297,43348,None,1707,None,None,None,535,None,None,370,None,53645,53645,53645,60,0,1412,1147,2559
20200402,LA,9150,41936,None,1639,None,None,None,507,None,None,310,None,51086,51086,51086,37,0,2584,2726,5310
20200401,LA,6424,39352,None,1498,None,None,None,490,None,None,273,None,45776,45776,45776,34,0,5622,1187,6809
20200331,LA,5237,33730,None,1355,None,None,None,438,None,None,239,None,38967,38967,38967,54,0,3722,1212,4934
20200330,LA,4025,30008,None,1185,None,None,None,385,None,None,185,None,34033,34033,34033,34,0,5677,485,6162
20200329,LA,3540,24331,None,1127,None,None,None,380,None,None,151,None,27871,27871,27871,14,0,2485,225,2710
20200328,LA,3315,21846,None,927,None,None,None,336,None,None,137,None,25161,25161,25161,18,0,3233,569,3802
20200327,LA,2746,18613,None,773,None,None,None,270,None,None,119,None,21359,21359,21359,36,0,2889,441,3330
20200326,LA,2305,15724,None,676,None,None,None,239,None,None,83,None,18029,18029,18029,18,0,6068,510,6578
20200325,LA,1795,9656,None,491,None,None,None,163,None,None,65,None,11451,11451,11451,19,0,2441,407,2848
20200324,LA,1388,7215,None,271,None,None,None,None,None,None,46,None,8603,8603,8603,12,0,2439,216,2655
20200323,LA,1172,4776,None,None,None,None,None,None,None,None,34,None,5948,5948,5948,14,0,2115,335,2450
20200322,LA,837,2661,None,None,None,None,None,None,None,None,20,None,3498,3498,3498,4,0,481,257,738
20200321,LA,580,2180,None,None,None,None,None,None,None,None,16,None,2760,2760,2760,4,0,1612,107,1719
20200320,LA,473,568,None,None,None,None,None,None,None,None,12,None,1041,1041,1041,4,0,110,126,236
20200319,LA,347,458,None,None,None,None,None,None,None,None,8,None,805,805,805,2,0,123,107,230
20200318,LA,240,335,None,None,None,None,None,None,None,None,6,None,575,575,575,2,0,49,103,152
20200317,LA,137,286,None,None,None,None,None,None,None,None,4,None,423,423,423,2,0,98,22,120
20200316,LA,115,188,None,None,None,None,None,None,None,None,2,None,303,303,303,0,0,32,25,57
20200315,LA,90,156,None,None,None,None,None,None,None,None,2,None,246,246,246,2,0,47,39,86
20200314,LA,51,109,None,None,None,None,None,None,None,None,None,None,160,160,160,0,0,72,15,87
20200313,LA,36,37,None,None,None,None,None,None,None,None,None,None,73,73,73,0,0,0,22,22
20200312,LA,14,37,None,None,None,None,None,None,None,None,None,None,51,51,51,0,0,0,8,8
20200311,LA,6,37,,,,,,,,,,,43,43,43,0,0,26,5,31
20200310,LA,1,11,,,,,,,,,,,12,12,12,0,0,6,0,6
20200309,LA,1,5,,,,,,,,,,,6,6,6,0,0,0,1,1
20200308,LA,0,5,,,,,,,,,,,5,5,5,0,0,5,0,5
20200307,LA,0,,,,,,,,,,,,0,0,0,None,None,None,None,None
