date,state,positive,negative,pending,hospitalizedCurrently,hospitalizedCumulative,inIcuCurrently,inIcuCumulative,onVentilatorCurrently,onVentilatorCumulative,recovered,death,hospitalized,total,totalTestResults,posNeg,deathIncrease,hospitalizedIncrease,negativeIncrease,positiveIncrease,totalTestResultsIncrease
20200519,NC,19700,245308,None,585,None,None,None,None,None,11637,691,None,265008,265008,265008,30,0,8576,677,9253
20200518,NC,19023,236732,None,511,None,None,None,None,None,11637,661,None,255755,255755,255755,2,0,6300,511,6811
20200517,NC,18512,230432,None,493,None,None,None,None,None,9115,659,None,248944,248944,248944,7,0,9828,530,10358
20200516,NC,17982,220604,None,481,None,None,None,None,None,9115,652,None,238586,238586,238586,11,0,6186,853,7039
20200515,NC,17129,214418,None,492,None,None,None,None,None,9115,641,None,231547,231547,231547,26,0,11657,622,12279
20200514,NC,16507,202761,None,507,None,None,None,None,None,9115,615,None,219268,219268,219268,18,0,8120,691,8811
20200513,NC,15816,194641,None,521,None,None,None,None,None,9115,597,None,210457,210457,210457,20,0,7743,470,8213
20200512,NC,15346,186898,None,475,None,None,None,None,None,9115,577,None,202244,202244,202244,27,0,6078,301,6379
20200511,NC,15045,180820,None,464,None,None,None,None,None,9115,550,None,195865,195865,195865,3,0,3449,281,3730
20200510,NC,14764,177371,None,442,None,None,None,None,None,None,547,None,192135,192135,192135,3,0,5369,404,5773
20200509,NC,14360,172002,None,513,None,None,None,None,None,None,544,None,186362,186362,186362,17,0,7257,492,7749
20200508,NC,13868,164745,None,515,None,None,None,None,None,None,527,None,178613,178613,178613,20,0,6814,471,7285
20200507,NC,13397,157931,None,525,None,None,None,None,None,None,507,None,171328,171328,171328,30,0,6207,639,6846
20200506,NC,12758,151724,None,516,None,None,None,None,None,None,477,None,164482,164482,164482,25,0,12180,502,12682
20200505,NC,12256,139544,None,534,None,None,None,None,None,None,452,None,151800,151800,151800,22,0,4953,408,5361
20200504,NC,11848,134591,None,498,None,None,None,None,None,None,430,None,146439,146439,146439,8,0,2420,184,2604
20200503,NC,11664,132171,None,475,None,None,None,None,None,None,422,None,143835,143835,143835,2,0,4205,155,4360
20200502,NC,11509,127966,None,502,None,None,None,None,None,None,420,None,139475,139475,139475,21,0,5057,586,5643
20200501,NC,10923,122909,None,547,None,None,None,None,None,None,399,None,133832,133832,133832,21,0,5382,414,5796
20200430,NC,10509,117527,None,546,None,None,None,None,None,None,378,None,128036,128036,128036,24,0,9035,561,9596
20200429,NC,9948,108492,None,551,None,None,None,None,None,None,354,None,118440,118440,118440,12,0,5308,380,5688
20200428,NC,9568,103184,None,463,None,None,None,None,None,None,342,None,112752,112752,112752,36,0,2406,426,2832
20200427,NC,9142,100778,None,473,None,None,None,None,None,None,306,None,109920,109920,109920,7,0,1714,312,2026
20200426,NC,8830,99064,None,451,None,None,None,None,None,None,299,None,107894,107894,107894,10,0,2422,207,2629
20200425,NC,8623,96642,None,456,None,None,None,None,None,None,289,None,105265,105265,105265,20,0,4110,571,4681
20200424,NC,8052,92532,None,477,None,None,None,None,None,None,269,None,100584,100584,100584,16,0,3955,444,4399
20200423,NC,7608,88577,None,486,None,None,None,None,None,None,253,None,96185,96185,96185,11,0,5461,388,5849
20200422,NC,7220,83116,None,434,None,None,None,None,None,None,242,None,90336,90336,90336,29,0,6736,269,7005
20200421,NC,6951,76380,None,427,None,None,None,None,None,None,213,None,83331,83331,83331,34,0,3660,187,3847
20200420,NC,6764,72720,None,373,None,None,None,None,None,None,179,None,79484,79484,79484,7,0,441,271,712
20200419,NC,6493,72279,None,465,None,None,None,None,None,None,172,None,78772,78772,78772,8,0,2208,353,2561
20200418,NC,6140,70071,None,388,None,None,None,None,None,None,164,None,76211,76211,76211,12,0,2949,281,3230
20200417,NC,5859,67122,None,429,None,None,None,None,None,None,152,None,72981,72981,72981,21,0,1670,394,2064
20200416,NC,5465,65452,None,452,None,None,None,None,None,None,131,None,70917,70917,70917,14,0,2748,342,3090
20200415,NC,5123,62704,None,431,None,None,None,None,None,None,117,None,67827,67827,67827,9,0,2689,99,2788
20200414,NC,5024,60015,None,418,None,None,None,None,None,None,108,None,65039,65039,65039,22,0,1443,208,1651
20200413,NC,4816,58572,None,313,None,None,None,None,None,None,86,None,63388,63388,63388,5,0,953,296,1249
20200412,NC,4520,57619,None,331,None,None,None,None,None,None,81,None,62139,62139,62139,1,0,1538,208,1746
20200411,NC,4312,56081,None,362,None,None,None,None,None,None,80,None,60393,60393,60393,6,0,2344,404,2748
20200410,NC,3908,53737,None,423,None,None,None,None,None,None,74,None,57645,57645,57645,9,0,9579,257,9836
20200409,NC,3651,44158,None,398,None,None,None,None,None,None,65,None,47809,47809,47809,12,0,4597,225,4822
20200408,NC,3426,39561,None,386,None,None,None,None,None,None,53,None,42987,42987,42987,7,0,1700,205,1905
20200407,NC,3221,37861,None,354,None,None,None,None,None,None,46,None,41082,41082,41082,13,0,5,351,356
20200406,NC,2870,37856,None,270,None,None,None,None,None,None,33,None,40726,40726,40726,2,0,396,285,681
20200405,NC,2585,37460,None,261,None,None,None,None,None,None,31,None,40045,40045,40045,7,0,1089,183,1272
20200404,NC,2402,36371,None,271,None,None,None,None,None,None,24,None,38773,38773,38773,5,0,6866,309,7175
20200403,NC,2093,29505,None,184,None,None,None,None,None,None,19,None,31598,31598,31598,3,0,2683,236,2919
20200402,NC,1857,26822,None,184,None,None,None,None,None,None,16,None,28679,28679,28679,6,0,2163,273,2436
20200401,NC,1584,24659,None,204,None,None,None,None,None,None,10,None,26243,26243,26243,2,0,3051,86,3137
20200331,NC,1498,21608,None,157,None,None,None,None,None,None,8,None,23106,23106,23106,2,0,2051,191,2242
20200330,NC,1307,19557,None,137,None,None,None,None,None,None,6,None,20864,20864,20864,2,0,1652,267,1919
20200329,NC,1040,17905,None,91,None,None,None,None,None,None,4,None,18945,18945,18945,0,0,1313,105,1418
20200328,NC,935,16592,None,87,None,None,None,None,None,None,4,None,17527,17527,17527,1,0,2219,172,2391
20200327,NC,763,14373,None,77,None,None,None,None,None,None,3,None,15136,15136,15136,1,0,2099,127,2226
20200326,NC,636,12274,None,29,None,None,None,None,None,None,2,None,12910,12910,12910,1,0,2289,132,2421
20200325,NC,504,9985,None,29,None,None,None,None,None,None,1,None,10489,10489,10489,1,0,1844,106,1950
20200324,NC,398,8141,None,None,None,None,None,None,None,None,0,None,8539,8539,8539,0,0,0,101,101
20200323,NC,297,8141,None,None,None,None,None,None,None,None,0,None,8438,8438,8438,0,0,1958,42,2000
20200322,NC,255,6183,None,None,None,None,None,None,None,None,0,None,6438,6438,6438,0,0,1091,71,1162
20200321,NC,184,5092,None,None,None,None,None,None,None,None,0,None,5276,5276,5276,0,0,1996,47,2043
20200320,NC,137,3096,None,None,None,None,None,None,None,None,0,None,3233,3233,3233,0,0,688,40,728
20200319,NC,97,2408,None,None,None,None,None,None,None,None,0,None,2505,2505,2505,0,0,621,34,655
20200318,NC,63,1787,None,None,None,None,None,None,None,None,0,None,1850,1850,1850,0,0,1313,23,1336
20200317,NC,40,474,None,None,None,None,None,None,None,None,0,None,514,514,514,0,0,178,7,185
20200316,NC,33,296,151,None,None,None,None,None,None,None,0,None,480,329,329,0,0,69,1,70
20200315,NC,32,227,151,None,None,None,None,None,None,None,None,None,410,259,259,0,0,90,9,99
20200314,NC,23,137,None,None,None,None,None,None,None,None,None,None,160,160,160,0,0,51,8,59
20200313,NC,15,86,None,None,None,None,None,None,None,None,None,None,101,101,101,0,0,26,3,29
20200312,NC,12,60,None,None,None,None,None,None,None,None,None,None,72,72,72,0,0,60,5,65
20200311,NC,7,,,,,,,,,,,,7,7,7,0,0,0,0,0
20200310,NC,7,,,,,,,,,,,,7,7,7,0,0,0,5,5
20200309,NC,2,,,,,,,,,,,,2,2,2,0,0,0,0,0
20200308,NC,2,,,,,,,,,,,,2,2,2,0,0,0,0,0
20200307,NC,2,,,,,,,,,,,,2,2,2,0,0,0,0,0
20200306,NC,2,,,,,,,,,,,,2,2,2,0,0,0,1,1
20200305,NC,1,,,,,,,,,,,,1,1,1,0,0,0,0,0
20200304,NC,1,,,,,,,,,,,,1,1,1,None,None,None,None,None
