date,state,positive,negative,pending,hospitalizedCurrently,hospitalizedCumulative,inIcuCurrently,inIcuCumulative,onVentilatorCurrently,onVentilatorCumulative,recovered,death,hospitalized,total,totalTestResults,posNeg,deathIncrease,hospitalizedIncrease,negativeIncrease,positiveIncrease,totalTestResultsIncrease
20200519,NE,10625,59359,None,None,None,None,None,None,None,None,125,None,69984,69984,69984,2,0,2206,277,2483
20200518,NE,10348,57153,None,None,None,None,None,None,None,None,123,None,67501,67501,67501,0,0,1733,128,1861
20200517,NE,10220,55420,None,None,None,None,None,None,None,None,123,None,65640,65640,65640,4,0,5214,448,5662
20200516,NE,9772,50206,None,None,None,None,None,None,None,None,119,None,59978,59978,59978,6,0,2407,356,2763
20200515,NE,9416,47799,None,None,None,None,None,None,None,None,113,None,57215,57215,57215,6,0,3533,341,3874
20200514,NE,9075,44266,None,None,None,None,None,None,None,None,107,None,53341,53341,53341,4,0,3233,383,3616
20200513,NE,8692,41033,None,192,None,81,None,56,None,None,103,None,49725,49725,49725,3,0,1662,120,1782
20200512,NE,8572,39371,None,192,None,81,None,56,None,None,100,None,47943,47943,47943,2,0,1447,257,1704
20200511,NE,8315,37924,None,None,None,None,None,None,None,None,98,None,46239,46239,46239,2,0,589,81,670
20200510,NE,8234,37335,None,None,None,None,None,None,None,None,96,None,45569,45569,45569,4,0,2190,403,2593
20200509,NE,7831,35145,None,None,None,None,None,None,None,None,92,None,42976,42976,42976,2,0,1923,641,2564
20200508,NE,7190,33222,None,None,None,None,None,None,None,None,90,None,40412,40412,40412,4,0,2235,419,2654
20200507,NE,6771,30987,None,None,None,None,None,None,None,None,86,None,37758,37758,37758,4,0,1297,333,1630
20200506,NE,6438,29690,None,None,None,None,None,None,None,None,82,None,36128,36128,36128,4,0,1164,355,1519
20200505,NE,6083,28526,None,None,None,None,None,None,None,None,78,None,34609,34609,34609,0,0,682,173,855
20200504,NE,5910,27844,None,None,None,None,None,None,None,None,78,None,33754,33754,33754,2,0,1908,584,2492
20200503,NE,5326,25936,None,None,None,None,None,None,None,None,76,None,31262,31262,31262,3,0,1426,488,1914
20200502,NE,4838,24510,None,None,None,None,None,None,None,None,73,None,29348,29348,29348,3,0,1406,557,1963
20200501,NE,4281,23104,None,None,None,None,None,None,None,None,70,None,27385,27385,27385,2,0,1567,497,2064
20200430,NE,3784,21537,None,None,None,None,None,None,None,None,68,None,25321,25321,25321,13,0,1280,410,1690
20200429,NE,3374,20257,None,None,None,None,None,None,None,None,55,None,23631,23631,23631,0,0,10,16,26
20200428,NE,3358,20247,None,None,None,None,None,None,None,None,55,None,23605,23605,23605,-1,0,912,330,1242
20200427,NE,3028,19335,None,None,None,None,None,None,None,None,56,None,22363,22363,22363,3,0,839,296,1135
20200426,NE,2732,18496,None,None,None,None,None,None,None,None,53,None,21228,21228,21228,3,0,944,311,1255
20200425,NE,2421,17552,None,None,None,None,None,None,None,None,50,None,19973,19973,19973,3,0,1064,297,1361
20200424,NE,2124,16488,None,None,None,None,None,None,None,None,47,None,18612,18612,18612,2,0,941,311,1252
20200423,NE,1813,15547,None,None,None,None,None,None,None,None,45,None,17360,17360,17360,7,0,590,91,681
20200422,NE,1722,14957,None,None,None,None,None,None,None,None,38,None,16679,16679,16679,5,0,233,74,307
20200421,NE,1648,14724,None,None,None,None,None,None,None,None,33,None,16372,16372,16372,5,0,518,174,692
20200420,NE,1474,14206,None,None,None,None,None,None,None,None,28,None,15680,15680,15680,0,0,918,187,1105
20200419,NE,1287,13288,None,None,None,None,None,None,None,None,28,None,14575,14575,14575,4,0,749,149,898
20200418,NE,1138,12539,None,None,None,None,None,None,None,None,24,None,13677,13677,13677,0,0,501,72,573
20200417,NE,1066,12038,None,None,None,None,None,None,None,None,24,None,13104,13104,13104,3,0,696,114,810
20200416,NE,952,11342,None,None,None,None,None,None,None,None,21,None,12294,12294,12294,1,0,514,51,565
20200415,NE,901,10828,None,None,None,None,None,None,None,None,20,None,11729,11729,11729,2,0,342,30,372
20200414,NE,871,10486,None,None,None,None,None,None,None,None,18,None,11357,11357,11357,1,0,328,57,385
20200413,NE,814,10158,None,None,None,None,None,None,None,None,17,None,10972,10972,10972,0,0,258,23,281
20200412,NE,791,9900,None,None,None,None,None,None,None,None,17,None,10691,10691,10691,0,0,615,91,706
20200411,NE,700,9285,None,None,None,None,None,None,None,None,17,None,9985,9985,9985,2,0,566,65,631
20200410,NE,635,8719,None,None,None,None,None,None,None,None,15,None,9354,9354,9354,1,0,603,68,671
20200409,NE,567,8116,None,None,None,None,None,None,None,None,14,None,8683,8683,8683,2,0,674,48,722
20200408,NE,519,7442,None,None,None,None,None,None,None,None,12,None,7961,7961,7961,2,0,631,72,703
20200407,NE,447,6811,None,None,None,None,None,None,None,None,10,None,7258,7258,7258,2,0,433,38,471
20200406,NE,409,6378,8,None,None,None,None,None,None,None,8,None,6795,6787,6787,0,0,820,46,866
20200405,NE,363,5558,12,None,None,None,None,None,None,None,8,None,5933,5921,5921,2,0,500,42,542
20200404,NE,321,5058,10,None,None,None,None,None,None,None,6,None,5389,5379,5379,0,0,571,42,613
20200403,NE,279,4487,11,None,None,None,None,None,None,None,6,None,4777,4766,4766,1,0,509,33,542
20200402,NE,246,3978,11,None,None,None,None,None,None,None,5,None,4235,4224,4224,1,0,503,36,539
20200401,NE,210,3475,8,None,None,None,None,None,None,None,4,None,3693,3685,3685,1,0,544,38,582
20200331,NE,172,2931,8,None,None,None,None,None,None,None,3,None,3111,3103,3103,1,0,347,27,374
20200330,NE,145,2584,5,None,None,None,None,None,None,None,2,None,2734,2729,2729,0,0,616,37,653
20200329,NE,108,1968,4,None,None,None,None,None,None,None,2,None,2080,2076,2076,0,0,64,12,76
20200328,NE,96,1904,None,None,None,None,None,None,None,None,2,None,2000,2000,2000,2,0,143,11,154
20200327,NE,85,1761,None,None,None,None,None,None,None,None,0,None,1846,1846,1846,0,0,177,12,189
20200326,NE,73,1584,None,None,None,None,None,None,None,None,0,None,1657,1657,1657,0,0,280,12,292
20200325,NE,61,1304,None,None,None,None,None,None,None,None,0,None,1365,1365,1365,0,0,329,9,338
20200324,NE,52,975,None,None,None,None,None,None,None,None,0,None,1027,1027,1027,0,0,619,2,621
20200323,NE,50,356,None,None,None,None,None,None,None,None,0,None,406,406,406,0,0,0,2,2
20200322,NE,48,356,None,None,None,None,None,None,None,None,0,None,404,404,404,0,0,0,10,10
20200321,NE,38,356,None,None,None,None,None,None,None,None,0,None,394,394,394,0,0,116,6,122
20200320,NE,32,240,None,None,None,None,None,None,None,None,0,None,272,272,272,0,0,0,5,5
20200319,NE,27,240,None,None,None,None,None,None,None,None,0,None,267,267,267,0,0,34,3,37
20200318,NE,24,206,None,None,None,None,None,None,None,None,None,None,230,230,230,0,0,0,3,3
20200317,NE,21,206,None,None,None,None,None,None,None,None,None,None,227,227,227,0,0,36,3,39
20200316,NE,18,170,None,None,None,None,None,None,None,None,None,None,188,188,188,0,0,90,1,91
20200315,NE,17,80,33,None,None,None,None,None,None,None,None,None,130,97,97,0,0,0,3,3
20200314,NE,14,80,33,None,None,None,None,None,None,None,None,None,127,94,94,0,0,0,1,1
20200313,NE,13,80,33,None,None,None,None,None,None,None,None,None,126,93,93,0,0,0,3,3
20200312,NE,10,80,33,None,None,None,None,None,None,None,None,None,123,90,90,0,0,33,5,38
20200311,NE,5,47,16,,,,,,,,,,68,52,52,0,0,0,2,2
20200310,NE,3,47,16,,,,,,,,,,66,50,50,0,0,11,0,11
20200309,NE,3,36,9,,,,,,,,,,48,39,39,0,0,19,2,21
20200308,NE,1,17,5,,,,,,,,,,23,18,18,0,0,0,0,0
20200307,NE,1,17,5,,,,,,,,,,23,18,18,0,0,0,1,1
20200306,NE,0,17,5,,,,,,,,,,22,17,17,0,0,0,0,0
20200305,NE,0,17,5,,,,,,,,,,22,17,17,None,None,None,None,None
