date,state,positive,negative,pending,hospitalizedCurrently,hospitalizedCumulative,inIcuCurrently,inIcuCumulative,onVentilatorCurrently,onVentilatorCumulative,recovered,death,hospitalized,total,totalTestResults,posNeg,deathIncrease,hospitalizedIncrease,negativeIncrease,positiveIncrease,totalTestResultsIncrease
20200519,PA,63666,286034,None,1861,None,None,None,380,None,None,4624,None,349700,349700,349700,119,0,8481,610,9091
20200518,PA,63056,277553,None,1885,None,None,None,397,None,None,4505,None,340609,340609,340609,87,0,6883,822,7705
20200517,PA,62234,270670,None,1821,None,None,None,422,None,None,4418,None,332904,332904,332904,15,0,4445,623,5068
20200516,PA,61611,266225,None,1873,None,None,None,429,None,None,4403,None,327836,327836,327836,61,0,7015,989,8004
20200515,PA,60622,259210,None,1934,None,None,None,431,None,None,4342,None,319832,319832,319832,124,0,7651,986,8637
20200514,PA,59636,251559,None,1983,None,None,None,446,None,None,4218,None,311195,311195,311195,275,0,7388,938,8326
20200513,PA,58698,244171,None,2012,None,None,None,473,None,None,3943,None,302869,302869,302869,137,0,6182,707,6889
20200512,PA,57991,237989,None,2187,None,None,None,497,None,None,3806,None,295980,295980,295980,75,0,6285,837,7122
20200511,PA,57154,231704,None,2176,None,None,None,497,None,None,3731,None,288858,288858,288858,24,0,3932,543,4475
20200510,PA,56611,227772,None,2230,None,None,None,501,None,None,3707,None,284383,284383,284383,19,0,5981,1295,7276
20200509,PA,55316,221791,None,2285,None,None,None,502,None,None,3688,None,277107,277107,277107,72,0,5470,1078,6548
20200508,PA,54238,216321,None,2342,None,None,None,517,None,None,3616,None,270559,270559,270559,200,0,6448,1323,7771
20200507,PA,52915,209873,None,2420,None,None,None,539,None,None,3416,None,262788,262788,262788,310,0,5378,1070,6448
20200506,PA,51845,204495,None,2545,None,None,None,560,None,None,3106,None,256340,256340,256340,94,0,4570,888,5458
20200505,PA,50957,199925,None,2580,None,None,None,550,None,None,3012,None,250882,250882,250882,554,0,4427,865,5292
20200504,PA,50092,195498,None,2708,None,None,None,573,None,None,2458,None,245590,245590,245590,14,0,4124,825,4949
20200503,PA,49267,191374,None,2645,None,None,None,562,None,None,2444,None,240641,240641,240641,26,0,4303,962,5265
20200502,PA,48305,187071,None,2673,None,None,None,571,None,None,2418,None,235376,235376,235376,64,0,6594,1334,7928
20200501,PA,46971,180477,None,2683,None,None,None,590,None,None,2354,None,227448,227448,227448,62,0,4875,1208,6083
20200430,PA,45763,175602,None,2707,None,None,None,556,None,None,2292,None,221365,221365,221365,97,0,5085,1397,6482
20200429,PA,44366,170517,None,2781,None,None,None,602,None,None,2195,None,214883,214883,214883,479,0,4693,1102,5795
20200428,PA,43264,165824,None,2781,None,None,None,616,None,None,1716,None,209088,209088,209088,119,0,4452,1214,5666
20200427,PA,42050,161372,None,2800,None,None,None,629,None,None,1597,None,203422,203422,203422,47,0,3944,885,4829
20200426,PA,41165,157428,None,2736,None,None,None,632,None,None,1550,None,198593,198593,198593,13,0,4542,1116,5658
20200425,PA,40049,152886,None,2748,None,None,None,640,None,None,1537,None,192935,192935,192935,45,0,5395,1397,6792
20200424,PA,38652,147491,None,2746,None,None,None,679,None,None,1492,None,186143,186143,186143,71,0,5430,1599,7029
20200423,PA,37053,142061,None,2750,None,None,None,679,None,None,1421,None,179114,179114,179114,-201,0,5789,1369,7158
20200422,PA,35684,136272,None,2764,None,None,None,685,None,None,1622,None,171956,171956,171956,58,0,3949,1156,5105
20200421,PA,34528,132323,None,2743,None,None,None,673,None,None,1564,None,166851,166851,166851,360,0,2603,1296,3899
20200420,PA,33232,129720,None,2701,None,None,None,659,None,None,1204,None,162952,162952,162952,92,0,3150,948,4098
20200419,PA,32284,126570,None,2634,None,None,None,657,None,None,1112,None,158854,158854,158854,276,0,3674,1215,4889
20200418,PA,31069,122896,None,2613,None,None,None,660,None,None,836,None,153965,153965,153965,80,0,4964,1628,6592
20200417,PA,29441,117932,None,2603,None,None,None,661,None,None,756,None,147373,147373,147373,49,0,4197,1706,5903
20200416,PA,27735,113735,None,2512,None,None,None,675,None,None,707,None,141470,141470,141470,60,0,2641,1245,3886
20200415,PA,26490,111094,None,2395,None,None,None,668,None,None,647,None,137584,137584,137584,63,0,2808,1145,3953
20200414,PA,25345,108286,None,2317,None,None,None,675,None,None,584,None,133631,133631,133631,60,0,2693,1146,3839
20200413,PA,24199,105593,None,2243,None,None,None,669,None,None,524,None,129792,129792,129792,17,0,3536,1366,4902
20200412,PA,22833,102057,None,2097,None,None,None,649,None,None,507,None,124890,124890,124890,13,0,3559,1178,4737
20200411,PA,21655,98498,None,2115,None,None,None,639,None,None,494,None,120153,120153,120153,78,0,5458,1676,7134
20200410,PA,19979,93040,None,2072,None,None,None,611,None,None,416,None,113019,113019,113019,78,0,5666,1751,7417
20200409,PA,18228,87374,None,2051,None,None,None,592,None,None,338,None,105602,105602,105602,29,0,5075,1989,7064
20200408,PA,16239,82299,None,1898,None,None,None,603,None,None,309,None,98538,98538,98538,69,0,5580,1680,7260
20200407,PA,14559,76719,None,1665,None,None,None,548,None,None,240,None,91278,91278,91278,78,0,5845,1579,7424
20200406,PA,12980,70874,None,None,1145,None,None,533,None,None,162,1145,83854,83854,83854,12,73,4613,1470,6083
20200405,PA,11510,66261,None,None,1072,None,None,None,None,None,150,1072,77771,77771,77771,14,68,6248,1493,7741
20200404,PA,10017,60013,None,None,1004,None,None,None,None,None,136,1004,70030,70030,70030,34,152,6318,1597,7915
20200403,PA,8420,53695,None,None,852,None,None,None,None,None,102,852,62115,62115,62115,12,122,5997,1404,7401
20200402,PA,7016,47698,None,None,730,None,None,None,None,None,90,730,54714,54714,54714,16,110,5271,1211,6482
20200401,PA,5805,42427,None,None,620,None,None,None,None,None,74,620,48232,48232,48232,11,106,4782,962,5744
20200331,PA,4843,37645,None,None,514,None,None,None,None,None,63,514,42488,42488,42488,14,128,3868,756,4624
20200330,PA,4087,33777,None,None,386,None,None,None,None,None,49,386,37864,37864,37864,11,33,3716,693,4409
20200329,PA,3394,30061,None,None,353,None,None,None,None,None,38,353,33455,33455,33455,4,37,4807,643,5450
20200328,PA,2751,25254,None,None,316,None,None,None,None,None,34,316,28005,28005,28005,12,75,4238,533,4771
20200327,PA,2218,21016,None,None,241,None,None,None,None,None,22,241,23234,23234,23234,6,241,4575,531,5106
20200326,PA,1687,16441,None,None,None,None,None,None,None,None,16,None,18128,18128,18128,5,0,5248,560,5808
20200325,PA,1127,11193,None,None,None,None,None,None,None,None,11,None,12320,12320,12320,4,0,2550,276,2826
20200324,PA,851,8643,None,None,None,None,None,None,None,None,7,None,9494,9494,9494,1,0,2048,207,2255
20200323,PA,644,6595,None,None,None,None,None,None,None,None,6,None,7239,7239,7239,4,0,1631,165,1796
20200322,PA,479,4964,None,None,None,None,None,None,None,None,2,None,5443,5443,5443,0,0,1198,108,1306
20200321,PA,371,3766,None,None,None,None,None,None,None,None,2,None,4137,4137,4137,1,0,1192,103,1295
20200320,PA,268,2574,None,None,None,None,None,None,None,None,1,None,2842,2842,2842,0,0,966,83,1049
20200319,PA,185,1608,None,None,None,None,None,None,None,None,1,None,1793,1793,1793,0,0,421,52,473
20200318,PA,133,1187,None,None,None,None,None,None,None,None,1,None,1320,1320,1320,1,0,308,37,345
20200317,PA,96,879,None,None,None,None,None,None,None,None,None,None,975,975,975,0,0,209,20,229
20200316,PA,76,670,None,None,None,None,None,None,None,None,None,None,746,746,746,0,0,465,13,478
20200315,PA,63,205,183,None,None,None,None,None,None,None,None,None,451,268,268,0,0,0,16,16
20200314,PA,47,205,150,None,None,None,None,None,None,None,None,None,402,252,252,0,0,65,6,71
20200313,PA,41,140,130,None,None,None,None,None,None,None,None,None,311,181,181,0,0,24,19,43
20200312,PA,22,116,81,None,None,None,None,None,None,None,None,None,219,138,138,0,0,28,6,34
20200311,PA,16,88,54,,,,,,,,,,158,104,104,0,0,88,4,92
20200310,PA,12,,,,,,,,,,,,12,12,12,0,0,0,2,2
20200309,PA,10,,,,,,,,,,,,10,10,10,0,0,0,4,4
20200308,PA,6,,,,,,,,,,,,6,6,6,0,0,0,2,2
20200307,PA,4,,,,,,,,,,,,4,4,4,0,0,0,2,2
20200306,PA,2,,,,,,,,,,,,2,2,2,None,None,None,None,None
