date,state,positive,negative,pending,hospitalizedCurrently,hospitalizedCumulative,inIcuCurrently,inIcuCumulative,onVentilatorCurrently,onVentilatorCumulative,recovered,death,hospitalized,total,totalTestResults,posNeg,deathIncrease,hospitalizedIncrease,negativeIncrease,positiveIncrease,totalTestResultsIncrease
20200519,PR,2805,None,None,None,None,20,None,8,None,None,124,None,2805,2805,2805,0,0,0,95,95
20200518,PR,2710,None,None,None,None,17,None,4,None,None,124,None,2710,2710,2710,1,0,0,64,64
20200517,PR,2646,None,None,None,None,24,None,5,None,None,123,None,2646,2646,2646,1,0,0,57,57
20200516,PR,2589,None,None,161,None,15,None,5,None,None,122,None,2589,2589,2589,0,0,0,47,47
20200515,PR,2542,None,None,147,None,18,None,3,None,None,122,None,2542,2542,2542,5,0,0,115,115
20200514,PR,2427,None,None,159,None,18,None,5,None,None,117,None,2427,2427,2427,2,0,0,98,98
20200513,PR,2329,None,None,None,None,10,None,6,None,None,115,None,2329,2329,2329,1,0,0,30,30
20200512,PR,2299,None,None,None,None,None,None,None,None,None,114,None,2299,2299,2299,1,0,0,43,43
20200511,PR,2256,None,None,None,None,None,None,None,None,None,113,None,2256,2256,2256,2,0,0,58,58
20200510,PR,2198,None,None,None,None,None,None,None,None,None,111,None,2198,2198,2198,3,0,0,25,25
20200509,PR,2173,None,None,161,None,None,None,7,None,None,108,None,2173,2173,2173,1,0,0,17,17
20200508,PR,2156,None,None,161,None,None,None,10,None,None,107,None,2156,2156,2156,5,0,0,125,125
20200507,PR,2031,None,None,None,None,None,None,None,None,None,102,None,2031,2031,2031,3,0,0,63,63
20200506,PR,1968,None,None,None,None,None,None,None,None,None,99,None,1968,1968,1968,0,0,0,44,-9269
20200505,PR,1924,9313,None,None,None,None,None,None,None,None,99,None,11237,11237,11237,2,0,0,81,81
20200504,PR,1843,9313,None,None,None,None,None,None,None,None,97,None,11156,11156,11156,0,0,0,35,35
20200503,PR,1808,9313,None,None,None,None,None,None,None,None,97,None,11121,11121,11121,2,0,0,51,51
20200502,PR,1757,9313,None,None,None,None,None,None,None,None,95,None,11070,11070,11070,3,0,0,182,182
20200501,PR,1575,9313,None,None,None,None,None,None,None,None,92,None,10888,10888,10888,0,0,0,36,36
20200430,PR,1539,9313,None,None,None,None,None,None,None,None,92,None,10852,10852,10852,6,0,0,106,106
20200429,PR,1433,9313,1940,None,None,None,None,None,None,None,86,None,12686,10746,10746,0,0,0,33,33
20200428,PR,1400,9313,1940,None,None,None,None,None,None,None,86,None,12653,10713,10713,2,0,0,11,11
20200427,PR,1389,9313,1940,None,None,None,None,None,None,None,84,None,12642,10702,10702,0,0,0,18,18
20200426,PR,1371,9313,1940,None,None,None,None,None,None,None,84,None,12624,10684,10684,1,0,0,64,64
20200425,PR,1307,9313,1940,None,None,None,None,None,None,None,83,None,12560,10620,10620,6,0,0,31,31
20200424,PR,1276,9313,1940,None,None,None,None,None,None,None,77,None,12529,10589,10589,8,0,0,361,361
20200423,PR,915,9313,1951,None,None,None,None,None,None,None,69,None,12179,10228,10228,2,0,471,0,471
20200422,PR,915,8842,1954,None,None,None,None,None,None,None,67,None,11711,9757,9757,3,0,53,-383,-330
20200421,PR,1298,8789,1761,None,None,None,None,None,None,None,64,None,11848,10087,10087,1,0,303,46,349
20200420,PR,1252,8486,1895,None,None,None,None,None,None,None,63,None,11633,9738,9738,1,0,206,39,245
20200419,PR,1213,8280,1839,None,None,None,None,None,None,None,62,None,11332,9493,9493,2,0,225,95,320
20200418,PR,1118,8055,1760,None,None,None,None,None,None,None,60,None,10933,9173,9173,2,0,191,50,241
20200417,PR,1068,7864,1478,None,None,None,None,None,None,None,58,None,10410,8932,8932,2,0,549,25,574
20200416,PR,1043,7315,1465,None,None,None,None,None,None,None,56,None,9823,8358,8358,5,0,490,69,559
20200415,PR,974,6825,1410,None,None,None,None,None,None,None,51,None,9209,7799,7799,6,0,541,51,592
20200414,PR,923,6284,1322,None,None,None,None,None,None,None,45,None,8529,7207,7207,0,0,324,20,344
20200413,PR,903,5960,1288,None,None,None,None,None,None,None,45,None,8151,6863,6863,1,0,141,6,147
20200412,PR,897,5819,1251,None,None,None,None,None,None,None,44,None,7967,6716,6716,2,0,236,109,345
20200411,PR,788,5583,1332,None,None,None,None,None,None,None,42,None,7703,6371,6371,3,0,462,63,525
20200410,PR,725,5121,1392,None,None,None,None,None,None,None,39,None,7238,5846,5846,6,0,418,42,460
20200409,PR,683,4703,1304,None,None,None,None,None,None,None,33,None,6690,5386,5386,9,0,437,63,500
20200408,PR,620,4266,1160,None,None,None,None,None,None,None,24,None,6046,4886,4886,1,0,300,47,347
20200407,PR,573,3966,968,None,None,None,None,None,None,None,23,None,5507,4539,4539,2,0,534,60,594
20200406,PR,513,3432,1000,None,None,None,None,None,None,None,21,None,4945,3945,3945,1,0,359,38,397
20200405,PR,475,3073,1039,None,None,None,None,None,None,None,20,None,4587,3548,3548,2,0,468,23,491
20200404,PR,452,2605,1129,None,None,None,None,None,None,None,18,None,4186,3057,3057,3,0,556,74,630
20200403,PR,378,2049,1055,None,None,None,None,None,None,None,15,None,3482,2427,2427,3,0,445,62,507
20200402,PR,316,1604,1119,None,None,None,None,None,None,None,12,None,3039,1920,1920,1,0,195,30,225
20200401,PR,286,1409,897,None,None,None,None,None,None,None,11,None,2592,1695,1695,3,0,214,47,261
20200331,PR,239,1195,854,None,None,None,None,None,None,None,8,None,2288,1434,1434,2,0,264,65,329
20200330,PR,174,931,794,None,None,None,None,None,None,None,6,None,1899,1105,1105,1,0,90,47,137
20200329,PR,127,841,817,None,None,None,None,None,None,None,5,None,1785,968,968,2,0,102,27,129
20200328,PR,100,739,792,None,None,None,None,None,None,None,3,None,1631,839,839,0,0,220,21,241
20200327,PR,79,519,334,None,None,None,None,None,None,None,3,None,932,598,598,1,0,142,15,157
20200326,PR,64,377,335,None,None,None,None,None,None,None,2,None,776,441,441,0,0,60,13,73
20200325,PR,51,317,70,None,None,None,None,None,None,None,2,None,438,368,368,0,0,49,12,61
20200324,PR,39,268,42,None,None,None,None,None,None,None,2,None,349,307,307,0,0,79,8,87
20200323,PR,31,189,35,None,None,None,None,None,None,None,2,None,255,220,220,1,0,6,8,14
20200322,PR,23,183,69,None,None,None,None,None,None,None,1,None,275,206,206,1,0,40,2,42
20200321,PR,21,143,71,None,None,None,None,None,None,None,None,None,235,164,164,0,0,29,7,36
20200320,PR,14,114,52,None,None,None,None,None,None,None,None,None,180,128,128,0,0,58,9,67
20200319,PR,5,56,29,None,None,None,None,None,None,None,None,None,90,61,61,0,0,25,0,25
20200318,PR,5,31,21,None,None,None,None,None,None,None,None,None,57,36,36,0,0,18,0,18
20200317,PR,5,13,4,None,None,None,None,None,None,None,None,None,22,18,18,0,0,4,0,4
20200316,PR,5,9,None,None,None,None,None,None,None,None,None,None,14,14,14,None,None,None,None,None
