date,state,positive,negative,pending,hospitalizedCurrently,hospitalizedCumulative,inIcuCurrently,inIcuCumulative,onVentilatorCurrently,onVentilatorCumulative,recovered,death,hospitalized,total,totalTestResults,posNeg,deathIncrease,hospitalizedIncrease,negativeIncrease,positiveIncrease,totalTestResultsIncrease
20200519,RI,12951,104295,None,247,1464,59,None,44,None,1023,532,1464,117246,117246,117246,26,26,1706,156,1862
20200518,RI,12795,102589,None,236,1438,62,None,46,None,1012,506,1438,115384,115384,115384,7,20,2713,121,2834
20200517,RI,12674,99876,None,260,1418,64,None,45,None,972,499,1418,112550,112550,112550,10,15,3830,240,4070
20200516,RI,12434,96046,None,273,1403,66,None,44,None,947,489,1403,108480,108480,108480,10,31,3287,215,3502
20200515,RI,12219,92759,None,272,1372,63,None,41,None,919,479,1372,104978,104978,104978,11,21,3174,203,3377
20200514,RI,12016,89585,None,271,1351,65,None,42,None,903,468,1351,101601,101601,101601,6,23,3498,181,3679
20200513,RI,11835,86087,None,269,1328,68,None,48,None,886,462,1328,97922,97922,97922,18,21,2462,221,2683
20200512,RI,11614,83625,None,277,1307,72,None,53,None,863,444,1307,95239,95239,95239,14,27,1743,164,1907
20200511,RI,11450,81882,None,276,1280,73,None,52,None,841,430,1280,93332,93332,93332,8,29,1943,176,2119
20200510,RI,11274,79939,None,283,1251,70,None,52,None,809,422,1251,91213,91213,91213,4,33,3113,285,3398
20200509,RI,10989,76826,None,292,1218,77,None,56,None,772,418,1218,87815,87815,87815,19,31,2339,210,2549
20200508,RI,10779,74487,None,312,1187,71,None,52,None,730,399,1187,85266,85266,85266,11,34,2699,249,2948
20200507,RI,10530,71788,None,318,1153,82,None,56,None,696,388,1153,82318,82318,82318,18,30,2620,325,2945
20200506,RI,10205,69168,None,324,1123,86,None,60,None,665,370,1123,79373,79373,79373,15,31,2666,272,2938
20200505,RI,9933,66502,None,327,1092,89,None,62,None,639,355,1092,76435,76435,76435,14,31,2018,281,2299
20200504,RI,9652,64484,None,339,1061,84,None,61,None,601,341,1061,74136,74136,74136,21,48,2034,175,2209
20200503,RI,9477,62450,None,330,1013,83,None,59,None,565,320,1013,71927,71927,71927,24,36,1811,188,1999
20200502,RI,9289,60639,None,333,977,80,None,54,None,531,296,977,69928,69928,69928,17,40,2953,327,3280
20200501,RI,8962,57686,None,352,937,76,None,51,None,485,279,937,66648,66648,66648,13,41,2597,341,2938
20200430,RI,8621,55089,None,339,896,85,None,54,None,461,266,896,63710,63710,63710,15,146,3171,374,3545
20200429,RI,8247,51918,None,269,750,80,None,55,None,391,251,750,60165,60165,60165,12,18,2151,321,2472
20200428,RI,7926,49767,None,266,732,84,None,55,None,466,239,732,57693,57693,57693,6,14,1590,218,1808
20200427,RI,7708,48177,None,266,718,81,None,56,None,452,233,718,55885,55885,55885,7,27,2213,269,2482
20200426,RI,7439,45964,None,258,691,78,None,53,None,433,226,691,53403,53403,53403,11,115,2202,310,2512
20200425,RI,7129,43762,None,263,576,77,None,52,None,410,215,576,50891,50891,50891,13,0,3204,430,3634
20200424,RI,6699,40558,None,267,576,77,None,48,None,377,202,576,47257,47257,47257,-11,-181,2395,437,2832
20200423,RI,6262,38163,None,316,757,72,None,45,None,342,213,757,44425,44425,44425,12,40,2282,417,2699
20200422,RI,5845,35881,None,314,717,71,None,44,None,315,201,717,41726,41726,41726,15,43,2048,378,2426
20200421,RI,5467,33833,None,309,674,67,None,43,None,315,186,674,39300,39300,39300,11,45,1843,369,2212
20200420,RI,5098,31990,None,297,629,62,None,45,None,267,175,629,37088,37088,37088,11,24,1997,343,2340
20200419,RI,4755,29993,None,298,605,66,None,37,None,244,164,605,34748,34748,34748,14,27,1658,276,1934
20200418,RI,4479,28335,None,293,578,67,None,43,None,217,150,578,32814,32814,32814,32,247,1751,302,2053
20200417,RI,4177,26584,None,252,331,62,None,43,None,196,118,331,30761,30761,30761,13,0,2358,339,2697
20200416,RI,3838,24226,None,245,331,61,None,43,None,182,105,331,28064,28064,28064,18,0,1858,309,2167
20200415,RI,3529,22368,None,229,331,54,None,44,None,168,87,331,25897,25897,25897,7,0,2719,278,2997
20200414,RI,3251,19649,None,213,331,48,None,None,None,135,80,331,22900,22900,22900,7,0,1964,275,2239
20200413,RI,2976,17685,None,197,331,50,None,26,None,135,73,331,20661,20661,20661,10,331,0,311,311
20200412,RI,2665,17685,None,201,None,50,None,26,None,35,63,None,20350,20350,20350,7,0,1827,316,2143
20200411,RI,2349,15858,None,183,None,50,None,26,None,35,56,None,18207,18207,18207,7,0,3577,334,3911
20200410,RI,2015,12281,None,169,None,45,None,26,None,35,49,None,14296,14296,14296,6,0,1599,288,1887
20200409,RI,1727,10682,None,160,None,45,None,26,None,35,43,None,12409,12409,12409,8,0,0,277,277
20200408,RI,1450,10682,None,143,None,45,None,26,None,35,35,None,12132,12132,12132,5,0,1605,220,1825
20200407,RI,1230,9077,None,123,None,40,None,26,None,35,30,None,10307,10307,10307,3,0,1678,148,1826
20200406,RI,1082,7399,None,109,None,37,None,26,None,35,27,None,8481,8481,8481,2,0,1140,160,1300
20200405,RI,922,6259,None,103,None,33,None,6,None,35,25,None,7181,7181,7181,8,0,675,116,791
20200404,RI,806,5584,None,93,None,31,None,6,None,35,17,None,6390,6390,6390,3,0,727,97,824
20200403,RI,709,4857,None,77,None,14,None,6,None,35,14,None,5566,5566,5566,2,0,445,52,497
20200402,RI,657,4412,None,72,None,14,None,6,None,35,12,None,5069,5069,5069,2,0,581,91,672
20200401,RI,566,3831,None,60,None,14,None,6,None,35,10,None,4397,4397,4397,2,0,355,77,432
20200331,RI,489,3476,None,59,None,9,None,6,None,35,8,None,3965,3965,3965,4,0,289,87,376
20200330,RI,402,3187,None,41,None,9,None,6,None,None,4,None,3589,3589,3589,1,0,347,108,455
20200329,RI,294,2840,None,35,None,9,None,6,None,None,3,None,3134,3134,3134,3,0,299,55,354
20200328,RI,239,2541,138,29,None,9,None,6,None,None,None,None,2918,2780,2780,0,0,235,36,271
20200327,RI,203,2306,138,28,None,9,None,6,None,None,None,None,2647,2509,2509,0,0,1044,38,1082
20200326,RI,165,1262,181,23,None,9,None,6,None,None,None,None,1608,1427,1427,0,0,0,33,33
20200325,RI,132,1262,196,15,None,None,None,None,None,None,None,None,1590,1394,1394,0,0,62,8,70
20200324,RI,124,1200,77,None,None,None,None,None,None,None,None,None,1401,1324,1324,0,0,57,18,75
20200323,RI,106,1143,216,None,None,None,None,None,None,None,None,None,1465,1249,1249,0,0,211,23,234
20200322,RI,83,932,216,None,None,None,None,None,None,None,None,None,1231,1015,1015,0,0,70,17,87
20200321,RI,66,862,290,None,None,None,None,None,None,None,None,None,1218,928,928,0,0,62,12,74
20200320,RI,54,800,140,None,None,None,None,None,None,None,None,None,994,854,854,0,0,146,10,156
20200319,RI,44,654,334,None,None,None,None,None,None,None,None,None,1032,698,698,0,0,114,11,125
20200318,RI,33,540,334,None,None,None,None,None,None,None,None,None,907,573,573,0,0,137,10,147
20200317,RI,23,403,149,None,None,None,None,None,None,None,None,None,575,426,426,0,0,95,2,97
20200316,RI,21,308,149,None,None,None,None,None,None,None,None,None,478,329,329,0,0,37,1,38
20200315,RI,20,271,57,None,None,None,None,None,None,None,None,None,348,291,291,0,0,73,0,73
20200314,RI,20,198,57,None,None,None,None,None,None,None,None,None,275,218,218,0,0,56,6,62
20200313,RI,14,142,29,None,None,None,None,None,None,None,None,None,185,156,156,0,0,48,9,57
20200312,RI,5,94,8,None,None,None,None,None,None,None,None,None,107,99,99,0,0,0,0,0
20200311,RI,5,94,24,,,,,,,,,,123,99,99,0,0,36,2,38
20200310,RI,3,58,6,,,,,,,,,,67,61,61,0,0,28,0,28
20200309,RI,3,30,6,,,,,,,,,,39,33,33,0,0,0,0,0
20200308,RI,3,30,12,,,,,,,,,,45,33,33,0,0,0,1,1
20200307,RI,2,30,,,,,,,,,,,32,32,32,0,0,13,-1,12
20200306,RI,3,17,,,,,,,,,,,20,20,20,0,0,0,1,1
20200305,RI,2,17,,,,,,,,,,,19,19,19,0,0,6,0,6
20200304,RI,2,11,,,,,,,,,,,13,13,13,0,0,5,0,5
20200303,RI,2,6,,,,,,,,,,,8,8,8,0,0,6,1,7
20200302,RI,1,,,,,,,,,,,,1,1,1,0,0,0,0,0
20200301,RI,1,,,,,,,,,,,,1,1,1,None,None,None,None,None
