date,state,positive,negative,pending,hospitalizedCurrently,hospitalizedCumulative,inIcuCurrently,inIcuCumulative,onVentilatorCurrently,onVentilatorCumulative,recovered,death,hospitalized,total,totalTestResults,posNeg,deathIncrease,hospitalizedIncrease,negativeIncrease,positiveIncrease,totalTestResultsIncrease
20200519,SC,9056,126007,None,None,1444,None,None,None,None,5451,399,1444,135063,135063,135063,8,23,3390,114,3504
20200518,SC,8942,122617,None,None,1421,None,None,None,None,5076,391,1421,131559,131559,131559,11,0,10947,281,11228
20200517,SC,8661,111670,None,None,1421,None,None,None,None,5076,380,1421,120331,120331,120331,0,0,10461,254,10715
20200516,SC,8407,101209,None,None,1421,None,None,None,None,5076,380,1421,109616,109616,109616,0,0,0,0,0
20200515,SC,8407,101209,None,None,1421,None,None,None,None,5076,380,1421,109616,109616,109616,9,83,6863,218,7081
20200514,SC,8189,94346,None,None,1338,None,None,None,None,4914,371,1338,102535,102535,102535,16,0,9133,262,9395
20200513,SC,7927,85213,None,None,1338,None,None,None,None,6817,355,1338,93140,93140,93140,0,0,0,0,0
20200512,SC,7927,85213,None,None,1338,None,None,None,None,6817,355,1338,93140,93140,93140,24,86,8409,274,8683
20200511,SC,7653,76804,None,None,1252,None,None,None,None,4120,331,1252,84457,84457,84457,0,0,0,0,0
20200510,SC,7653,76804,None,None,1252,None,None,None,None,4120,331,1252,84457,84457,84457,1,0,3372,122,3494
20200509,SC,7531,73432,None,None,1252,None,None,None,None,4120,330,1252,80963,80963,80963,14,100,7132,389,7521
20200508,SC,7142,66300,None,None,1152,None,None,None,None,3816,316,1152,73442,73442,73442,11,0,-4246,206,-4040
20200507,SC,6936,70546,None,None,1152,None,None,None,None,3816,305,1152,77482,77482,77482,0,0,0,0,0
20200506,SC,6936,70546,None,None,1152,None,None,None,None,3816,305,1152,77482,77482,77482,22,42,9532,179,9711
20200505,SC,6757,61014,None,None,1110,None,None,None,None,3622,283,1110,67771,67771,67771,8,0,3452,131,3583
20200504,SC,6626,57562,None,None,1110,None,None,None,None,3622,275,1110,64188,64188,64188,0,0,0,0,0
20200503,SC,6626,57562,None,None,1110,None,None,None,None,3622,275,1110,64188,64188,64188,8,0,2435,137,2572
20200502,SC,6489,55127,None,None,1110,None,None,None,None,3622,267,1110,61616,61616,61616,11,0,2006,231,2237
20200501,SC,6258,53121,None,None,1110,None,None,None,None,3622,256,1110,59379,59379,59379,12,110,2704,163,2867
20200430,SC,6095,50417,None,None,1000,None,None,None,None,3252,244,1000,56512,56512,56512,41,0,2081,214,2295
20200429,SC,5881,48336,None,None,1000,None,None,None,None,3252,203,1000,54217,54217,54217,26,56,1804,268,2072
20200428,SC,5613,46532,None,None,944,None,None,None,None,2830,177,944,52145,52145,52145,3,0,1261,123,1384
20200427,SC,5490,45271,None,None,944,None,None,None,None,3701,174,944,50761,50761,50761,0,0,0,0,0
20200426,SC,5490,45271,None,None,944,None,None,None,None,3701,174,944,50761,50761,50761,8,0,1510,237,1747
20200425,SC,5253,43761,None,None,944,None,None,None,None,3701,166,944,49014,49014,49014,16,107,4215,336,4551
20200424,SC,4917,39546,None,None,837,None,None,None,None,3317,150,837,44463,44463,44463,0,0,0,0,0
20200423,SC,4917,39546,None,None,837,None,None,None,None,3317,150,837,44463,44463,44463,10,0,1196,156,1352
20200422,SC,4761,38350,None,None,837,None,None,None,None,3317,140,837,43111,43111,43111,16,61,1512,322,1834
20200421,SC,4439,36838,None,None,776,None,None,None,None,2063,124,776,41277,41277,41277,4,0,735,62,797
20200420,SC,4377,36103,None,None,776,None,None,None,None,2063,120,776,40480,40480,40480,0,0,0,0,0
20200419,SC,4377,36103,None,None,776,None,None,None,None,2633,120,776,40480,40480,40480,1,0,1516,131,1647
20200418,SC,4246,34587,None,None,776,None,None,None,None,2633,119,776,38833,38833,38833,10,101,2234,315,2549
20200417,SC,3931,32353,None,None,675,None,None,None,None,None,109,675,36284,36284,36284,2,0,1276,275,1551
20200416,SC,3656,31077,None,None,675,None,None,None,None,None,107,675,34733,34733,34733,0,0,0,0,0
20200415,SC,3656,31077,None,None,675,None,None,None,None,None,107,675,34733,34733,34733,10,0,758,103,861
20200414,SC,3553,30319,None,None,675,None,None,None,None,None,97,675,33872,33872,33872,15,179,2213,234,2447
20200413,SC,3319,28106,None,None,496,None,None,None,None,None,82,496,31425,31425,31425,0,0,0,0,0
20200412,SC,3319,28106,None,None,496,None,None,None,None,None,82,496,31425,31425,31425,2,0,1220,112,1332
20200411,SC,3207,26886,None,None,496,None,None,None,None,None,80,496,30093,30093,30093,8,0,1768,142,1910
20200410,SC,3065,25118,None,None,496,None,None,None,None,None,72,496,28183,28183,28183,5,255,543,273,816
20200409,SC,2792,24575,None,None,241,None,None,None,None,None,67,241,27367,27367,27367,4,0,2493,240,2733
20200408,SC,2552,22082,None,None,241,None,None,None,None,None,63,241,24634,24634,24634,12,0,819,135,954
20200407,SC,2417,21263,None,None,241,None,None,None,None,None,51,241,23680,23680,23680,7,0,4336,368,4704
20200406,SC,2049,16927,None,None,241,None,None,None,None,None,44,241,18976,18976,18976,0,0,0,0,0
20200405,SC,2049,16927,None,None,241,None,None,None,None,None,44,241,18976,18976,18976,4,0,530,132,662
20200404,SC,1917,16397,None,None,241,None,None,None,None,None,40,241,18314,18314,18314,9,0,10956,363,11319
20200403,SC,1554,5441,None,None,241,None,None,None,None,None,31,241,6995,6995,6995,0,0,0,0,0
20200402,SC,1554,5441,None,None,241,None,None,None,None,None,31,241,6995,6995,6995,5,139,408,261,669
20200401,SC,1293,5033,None,None,102,None,None,None,None,None,26,102,6326,6326,6326,4,0,417,210,627
20200331,SC,1083,4616,None,None,102,None,None,None,None,None,22,102,5699,5699,5699,4,0,456,158,614
20200330,SC,925,4160,None,None,102,None,None,None,None,None,18,102,5085,5085,5085,2,0,1145,151,1296
20200329,SC,774,3015,None,None,102,None,None,None,None,None,16,102,3789,3789,3789,3,0,607,235,842
20200328,SC,539,2408,None,None,102,None,None,None,None,None,13,102,2947,2947,2947,4,0,101,83,184
20200327,SC,456,2307,None,None,102,None,None,None,None,None,9,102,2763,2763,2763,0,0,0,0,0
20200326,SC,456,2307,None,None,102,None,None,None,None,None,9,102,2763,2763,2763,2,0,4,32,36
20200325,SC,424,2303,None,None,102,None,None,None,None,None,7,102,2727,2727,2727,2,102,291,126,417
20200324,SC,298,2012,None,None,None,None,None,None,None,None,5,None,2310,2310,2310,0,0,546,0,546
20200323,SC,298,1466,None,None,None,None,None,None,None,None,5,None,1764,1764,1764,2,0,0,103,103
20200322,SC,195,1466,None,None,None,None,None,None,None,None,3,None,1661,1661,1661,2,0,211,43,254
20200321,SC,152,1255,None,None,None,None,None,None,None,None,1,None,1407,1407,1407,0,0,422,71,493
20200320,SC,81,833,None,None,None,None,None,None,None,None,1,None,914,914,914,0,0,250,21,271
20200319,SC,60,583,None,None,None,None,None,None,None,None,1,None,643,643,643,0,0,0,0,0
20200318,SC,60,583,None,None,None,None,None,None,None,None,1,None,643,643,643,0,0,272,27,299
20200317,SC,33,311,None,None,None,None,None,None,None,None,1,None,344,344,344,0,0,76,5,81
20200316,SC,28,235,None,None,None,None,None,None,None,None,1,None,263,263,263,1,0,81,9,90
20200315,SC,19,154,None,None,None,None,None,None,None,None,None,None,173,173,173,0,0,44,6,50
20200314,SC,13,110,None,None,None,None,None,None,None,None,None,None,123,123,123,0,0,35,1,36
20200313,SC,12,75,None,None,None,None,None,None,None,None,None,None,87,87,87,0,0,27,2,29
20200312,SC,10,48,None,None,None,None,None,None,None,None,None,None,58,58,58,0,0,16,1,17
20200311,SC,9,32,,,,,,,,,,,41,41,41,0,0,8,2,10
20200310,SC,7,24,,,,,,,,,,,31,31,31,0,0,0,0,0
20200309,SC,7,24,,,,,,,,,,,31,31,31,0,0,16,5,21
20200308,SC,2,8,,,,,,,,,,,10,10,10,0,0,0,0,0
20200307,SC,2,8,,,,,,,,,,,10,10,10,0,0,3,2,5
20200306,SC,0,5,,,,,,,,,,,5,5,5,0,0,0,0,0
20200305,SC,0,5,,,,,,,,,,,5,5,5,0,0,0,0,0
20200304,SC,0,5,,,,,,,,,,,5,5,5,None,None,None,None,None
