date,state,positive,negative,pending,hospitalizedCurrently,hospitalizedCumulative,inIcuCurrently,inIcuCumulative,onVentilatorCurrently,onVentilatorCumulative,recovered,death,hospitalized,total,totalTestResults,posNeg,deathIncrease,hospitalizedIncrease,negativeIncrease,positiveIncrease,totalTestResultsIncrease
20200519,SD,4085,25624,None,75,327,None,None,None,None,2914,46,327,29709,29709,29709,2,11,606,58,664
20200518,SD,4027,25018,None,77,316,None,None,None,None,2784,44,316,29045,29045,29045,0,4,446,40,486
20200517,SD,3987,24572,None,77,312,None,None,None,None,2724,44,312,28559,28559,28559,0,8,355,28,383
20200516,SD,3959,24217,None,75,304,None,None,None,None,2673,44,304,28176,28176,28176,0,8,690,72,762
20200515,SD,3887,23527,None,80,296,None,None,None,None,2574,44,296,27414,27414,27414,1,6,846,95,941
20200514,SD,3792,22681,None,85,290,None,None,None,None,2437,43,290,26473,26473,26473,4,9,569,60,629
20200513,SD,3732,22112,None,79,281,None,None,None,None,2367,39,281,25844,25844,25844,0,10,578,69,647
20200512,SD,3663,21534,None,74,271,None,None,None,None,2309,39,271,25197,25197,25197,5,8,570,49,619
20200511,SD,3614,20964,None,78,263,None,None,None,None,2187,34,263,24578,24578,24578,0,2,587,97,684
20200510,SD,3517,20377,None,77,261,None,None,None,None,2147,34,261,23894,23894,23894,0,8,818,124,942
20200509,SD,3393,19559,None,79,253,None,None,None,None,2125,34,253,22952,22952,22952,3,6,1410,249,1659
20200508,SD,3144,18149,None,76,247,None,None,None,None,2069,31,247,21293,21293,21293,0,11,940,239,1179
20200507,SD,2905,17209,None,70,236,None,None,None,None,2028,31,236,20114,20114,20114,2,6,572,126,698
20200506,SD,2779,16637,None,72,230,None,None,None,None,1977,29,230,19416,19416,19416,5,10,336,58,394
20200505,SD,2721,16301,None,75,220,None,None,None,None,1895,24,220,19022,19022,19022,3,9,256,53,309
20200504,SD,2668,16045,None,69,211,None,None,None,None,1830,21,211,18713,18713,18713,0,14,259,37,296
20200503,SD,2631,15786,None,71,197,None,None,None,None,1799,21,197,18417,18417,18417,0,10,283,43,326
20200502,SD,2588,15503,None,71,187,None,None,None,None,1759,21,187,18091,18091,18091,0,8,665,63,728
20200501,SD,2525,14838,None,69,179,None,None,None,None,1686,21,179,17363,17363,17363,4,6,259,76,335
20200430,SD,2449,14579,None,76,173,None,None,None,None,1573,17,173,17028,17028,17028,4,8,119,76,195
20200429,SD,2373,14460,None,69,165,None,None,None,None,1492,13,165,16833,16833,16833,2,8,161,60,221
20200428,SD,2313,14299,None,69,157,None,None,None,None,1392,11,157,16612,16612,16612,0,7,169,68,237
20200427,SD,2245,14130,None,61,150,None,None,None,None,1316,11,150,16375,16375,16375,0,15,68,33,101
20200426,SD,2212,14062,None,64,135,None,None,None,None,1257,11,135,16274,16274,16274,1,7,613,65,678
20200425,SD,2147,13449,None,61,128,None,None,None,None,1223,10,128,15596,15596,15596,0,4,665,107,772
20200424,SD,2040,12784,None,61,124,None,None,None,None,1190,10,124,14824,14824,14824,1,5,675,84,759
20200423,SD,1956,12109,None,58,119,None,None,None,None,1064,9,119,14065,14065,14065,1,8,521,98,619
20200422,SD,1858,11588,None,62,111,None,None,None,None,937,8,111,13446,13446,13446,0,11,528,103,631
20200421,SD,1755,11060,None,65,100,None,None,None,None,824,8,100,12815,12815,12815,1,13,419,70,489
20200420,SD,1685,10641,0,None,87,None,None,None,None,709,7,87,12326,12326,12326,0,13,214,50,264
20200419,SD,1635,10427,0,None,74,None,None,None,None,646,7,74,12062,12062,12062,0,6,309,93,402
20200418,SD,1542,10118,1,None,68,None,None,None,None,552,7,68,11661,11660,11660,0,5,467,131,598
20200417,SD,1411,9651,0,None,63,None,None,None,None,457,7,63,11062,11062,11062,0,8,412,100,512
20200416,SD,1311,9239,2,None,55,None,None,None,None,373,7,55,10552,10550,10550,1,4,548,143,691
20200415,SD,1168,8691,0,None,51,None,None,None,None,329,6,51,9859,9859,9859,0,6,383,180,563
20200414,SD,988,8308,0,None,45,None,None,None,None,261,6,45,9296,9296,9296,0,1,174,120,294
20200413,SD,868,8134,0,None,44,None,None,None,None,207,6,44,9002,9002,9002,0,1,311,138,449
20200412,SD,730,7823,0,None,43,None,None,None,None,197,6,43,8553,8553,8553,0,10,445,104,549
20200411,SD,626,7378,2,None,33,None,None,None,None,189,6,33,8006,8004,8004,0,4,267,90,357
20200410,SD,536,7111,None,None,29,None,None,None,None,177,6,29,7647,7647,7647,0,2,411,89,500
20200409,SD,447,6700,None,None,27,None,None,None,None,161,6,27,7147,7147,7147,0,1,345,54,399
20200408,SD,393,6355,0,None,26,None,None,None,None,146,6,26,6748,6748,6748,0,3,407,73,480
20200407,SD,320,5948,2,None,23,None,None,None,None,98,6,23,6270,6268,6268,2,0,216,32,248
20200406,SD,288,5732,0,None,23,None,None,None,None,91,4,23,6020,6020,6020,2,1,379,48,427
20200405,SD,240,5353,None,None,22,None,None,None,None,84,2,22,5593,5593,5593,0,3,341,28,369
20200404,SD,212,5012,1,None,19,None,None,None,None,76,2,19,5225,5224,5224,0,2,419,25,444
20200403,SD,187,4593,3,None,17,None,None,None,None,69,2,17,4783,4780,4780,0,0,376,22,398
20200402,SD,165,4217,0,None,17,None,None,None,None,57,2,17,4382,4382,4382,0,5,314,36,350
20200401,SD,129,3903,0,None,12,None,None,None,None,51,2,12,4032,4032,4032,1,0,294,21,315
20200331,SD,108,3609,0,None,12,None,None,None,None,44,1,12,3717,3717,3717,0,12,131,7,138
20200330,SD,101,3478,0,None,None,None,None,None,None,34,1,None,3579,3579,3579,0,0,351,11,362
20200329,SD,90,3127,1,None,None,None,None,None,None,29,1,None,3218,3217,3217,0,0,535,22,557
20200328,SD,68,2592,0,None,None,None,None,None,None,26,1,None,2660,2660,2660,0,0,205,10,215
20200327,SD,58,2387,20,None,None,None,None,None,None,21,1,None,2465,2445,2445,0,0,414,12,426
20200326,SD,46,1973,125,None,None,None,None,None,None,16,1,None,2144,2019,2019,0,0,1154,5,1159
20200325,SD,41,819,268,None,None,None,None,None,None,None,1,None,1128,860,860,0,0,29,11,40
20200324,SD,30,790,268,None,None,None,None,None,None,None,1,None,1088,820,820,0,0,28,2,30
20200323,SD,28,762,265,None,None,None,None,None,None,None,1,None,1055,790,790,0,0,22,7,29
20200322,SD,21,740,277,None,None,None,None,None,None,None,1,None,1038,761,761,0,0,49,7,56
20200321,SD,14,691,268,None,None,None,None,None,None,None,1,None,973,705,705,0,0,28,0,28
20200320,SD,14,663,270,None,None,None,None,None,None,None,1,None,947,677,677,0,0,112,3,115
20200319,SD,11,551,385,None,None,None,None,None,None,None,1,None,947,562,562,0,0,0,0,0
20200318,SD,11,551,350,None,None,None,None,None,None,None,1,None,912,562,562,1,0,0,0,0
20200317,SD,11,551,35,None,None,None,None,None,None,None,None,None,597,562,562,0,0,57,1,58
20200316,SD,10,494,0,None,None,None,None,None,None,None,None,None,504,504,504,0,0,167,1,168
20200315,SD,9,327,6,None,None,None,None,None,None,None,None,None,342,336,336,0,0,145,0,145
20200314,SD,9,182,3,None,None,None,None,None,None,None,None,None,194,191,191,0,0,109,0,109
20200313,SD,9,73,11,None,None,None,None,None,None,None,None,None,93,82,82,0,0,46,1,47
20200312,SD,8,27,11,None,None,None,None,None,None,None,None,None,46,35,35,0,0,14,3,17
20200311,SD,5,13,2,,,,,,,,,,20,18,18,0,0,2,5,7
20200310,SD,0,11,0,,,,,,,,,,11,11,11,0,0,6,0,6
20200309,SD,0,5,0,,,,,,,,,,5,5,5,0,0,0,0,0
20200308,SD,0,5,0,,,,,,,,,,5,5,5,0,0,0,0,0
20200307,SD,0,5,0,,,,,,,,,,5,5,5,None,None,None,None,None
