date,state,positive,negative,pending,hospitalizedCurrently,hospitalizedCumulative,inIcuCurrently,inIcuCumulative,onVentilatorCurrently,onVentilatorCumulative,recovered,death,hospitalized,total,totalTestResults,posNeg,deathIncrease,hospitalizedIncrease,negativeIncrease,positiveIncrease,totalTestResultsIncrease
20200519,VI,69,1298,17,None,None,None,None,None,None,61,6,None,1384,1367,1367,0,0,20,0,20
20200518,VI,69,1278,45,None,None,None,None,None,None,61,6,None,1392,1347,1347,0,0,0,0,0
20200517,VI,69,1278,45,None,None,None,None,None,None,61,6,None,1392,1347,1347,0,0,84,0,84
20200516,VI,69,1194,37,None,None,None,None,None,None,61,6,None,1300,1263,1263,0,0,0,0,0
20200515,VI,69,1194,37,None,None,None,None,None,None,61,6,None,1300,1263,1263,0,0,30,0,30
20200514,VI,69,1164,45,None,None,None,None,None,None,61,6,None,1278,1233,1233,0,0,36,0,36
20200513,VI,69,1128,62,None,None,None,None,None,None,61,6,None,1259,1197,1197,0,0,13,0,13
20200512,VI,69,1115,58,None,None,None,None,None,None,61,6,None,1242,1184,1184,1,0,5,0,5
20200511,VI,69,1110,36,None,None,None,None,None,None,60,5,None,1215,1179,1179,1,0,8,0,8
20200510,VI,69,1102,39,None,None,None,None,None,None,59,4,None,1210,1171,1171,0,0,78,1,79
20200509,VI,68,1024,36,None,None,None,None,None,None,57,4,None,1128,1092,1092,0,0,0,0,0
20200508,VI,68,1024,36,None,None,None,None,None,None,57,4,None,1128,1092,1092,0,0,34,2,36
20200507,VI,66,990,37,None,None,None,None,None,None,54,4,None,1093,1056,1056,0,0,0,0,0
20200506,VI,66,990,37,None,None,None,None,None,None,54,4,None,1093,1056,1056,0,0,17,0,17
20200505,VI,66,973,34,None,None,None,None,None,None,51,4,None,1073,1039,1039,0,0,8,0,8
20200504,VI,66,965,15,None,None,None,None,None,None,51,4,None,1046,1031,1031,0,0,14,0,14
20200503,VI,66,951,29,None,None,None,None,None,None,51,4,None,1046,1017,1017,0,0,29,0,29
20200502,VI,66,922,54,None,None,None,None,None,None,51,4,None,1042,988,988,0,0,111,0,111
20200501,VI,66,811,68,None,None,None,None,None,None,51,4,None,945,877,877,0,0,4,0,4
20200430,VI,66,807,43,None,None,None,None,None,None,51,4,None,916,873,873,0,0,75,4,79
20200429,VI,62,732,78,None,None,None,None,None,None,51,4,None,872,794,794,0,0,13,3,16
20200428,VI,59,719,57,None,None,None,None,None,None,51,4,None,835,778,778,0,0,3,0,3
20200427,VI,59,716,5,None,None,None,None,None,None,51,4,None,780,775,775,0,0,16,2,18
20200426,VI,57,700,19,None,None,None,None,None,None,51,4,None,776,757,757,1,0,7,2,9
20200425,VI,55,693,22,None,None,None,None,None,None,51,3,None,770,748,748,0,0,51,1,52
20200424,VI,54,642,35,None,None,None,None,None,None,50,3,None,731,696,696,0,0,59,0,59
20200423,VI,54,583,31,None,None,None,None,None,None,48,3,None,668,637,637,0,0,0,0,0
20200422,VI,54,583,31,None,None,None,None,None,None,48,3,None,668,637,637,0,0,9,0,9
20200421,VI,54,574,35,None,None,None,None,None,None,48,3,None,663,628,628,0,0,20,1,21
20200420,VI,53,554,18,None,None,None,None,None,None,48,3,None,625,607,607,0,0,6,0,6
20200419,VI,53,548,22,None,None,None,None,None,None,48,3,None,623,601,601,0,0,158,0,158
20200418,VI,53,390,35,None,None,None,None,None,None,46,3,None,478,443,443,1,0,17,2,19
20200417,VI,51,373,34,None,None,None,None,None,None,46,2,None,458,424,424,1,0,16,0,16
20200416,VI,51,357,35,None,None,None,None,None,None,46,1,None,443,408,408,0,0,26,0,26
20200415,VI,51,331,35,None,None,None,None,None,None,44,1,None,417,382,382,0,0,5,0,5
20200414,VI,51,326,23,None,None,None,None,None,None,44,1,None,400,377,377,0,0,4,0,4
20200413,VI,51,322,2,None,None,None,None,None,None,43,1,None,375,373,373,0,0,23,0,23
20200412,VI,51,299,20,3,None,None,None,None,None,43,1,None,370,350,350,0,0,0,0,0
20200411,VI,51,299,20,3,None,None,None,None,None,43,1,None,370,350,350,0,0,26,1,27
20200410,VI,50,273,45,3,None,None,None,None,None,43,1,None,368,323,323,0,0,22,4,26
20200409,VI,46,251,42,None,None,None,None,None,None,39,1,None,339,297,297,0,0,9,1,10
20200408,VI,45,242,35,None,None,None,None,None,None,39,1,None,322,287,287,0,0,20,2,22
20200407,VI,43,222,20,None,None,None,None,None,None,36,1,None,285,265,265,0,0,0,0,0
20200406,VI,43,222,20,None,None,None,None,None,None,36,1,None,285,265,265,0,0,16,1,17
20200405,VI,42,206,18,None,None,None,None,None,None,34,1,None,266,248,248,1,0,22,2,24
20200404,VI,40,184,42,None,None,None,None,None,None,34,None,None,266,224,224,0,0,30,2,32
20200403,VI,38,154,56,None,None,None,None,None,None,29,None,None,248,192,192,0,0,5,5,10
20200402,VI,33,149,42,None,None,None,None,None,None,25,None,None,224,182,182,0,0,23,3,26
20200401,VI,30,126,24,None,None,None,None,None,None,21,None,None,180,156,156,0,0,0,0,0
20200331,VI,30,126,24,None,None,None,None,None,None,21,None,None,180,156,156,0,0,0,0,0
20200330,VI,30,126,24,None,None,None,None,None,None,None,None,None,180,156,156,0,0,3,7,10
20200329,VI,23,123,37,None,None,None,None,None,None,None,None,None,183,146,146,0,0,17,1,18
20200328,VI,22,106,55,None,None,None,None,None,None,None,None,None,183,128,128,0,0,51,3,54
20200327,VI,19,55,2,None,None,None,None,None,None,None,None,None,76,74,74,0,0,0,2,2
20200326,VI,17,55,2,None,None,None,None,None,None,None,None,None,74,72,72,0,0,0,0,0
20200325,VI,17,55,2,None,None,None,None,None,None,None,None,None,74,72,72,0,0,55,0,55
20200324,VI,17,None,None,None,None,None,None,None,None,None,None,None,17,17,17,0,0,0,0,0
20200323,VI,17,None,None,None,None,None,None,None,None,None,None,None,17,17,17,0,0,0,11,11
20200322,VI,6,None,None,None,None,None,None,None,None,None,None,None,6,6,6,0,0,0,0,0
20200321,VI,6,None,None,None,None,None,None,None,None,None,None,None,6,6,6,0,0,0,3,3
20200320,VI,3,None,None,None,None,None,None,None,None,None,None,None,3,3,3,0,0,0,0,0
20200319,VI,3,None,None,None,None,None,None,None,None,None,None,None,3,3,3,0,0,0,1,1
20200318,VI,2,None,None,None,None,None,None,None,None,None,None,None,2,2,2,0,0,0,0,0
20200317,VI,2,None,None,None,None,None,None,None,None,None,None,None,2,2,2,0,0,0,1,1
20200316,VI,1,None,None,None,None,None,None,None,None,None,None,None,1,1,1,None,None,None,None,None
