date,state,positive,negative,pending,hospitalizedCurrently,hospitalizedCumulative,inIcuCurrently,inIcuCumulative,onVentilatorCurrently,onVentilatorCumulative,recovered,death,hospitalized,total,totalTestResults,posNeg,deathIncrease,hospitalizedIncrease,negativeIncrease,positiveIncrease,totalTestResultsIncrease
20200519,WV,1509,76792,None,54,None,18,None,9,None,922,68,None,78301,78301,78301,1,0,2248,18,2266
20200518,WV,1491,74544,None,48,None,11,None,7,None,919,67,None,76035,76035,76035,0,0,544,1,545
20200517,WV,1490,74000,None,48,None,11,None,7,None,919,67,None,75490,75490,75490,3,0,2064,33,2097
20200516,WV,1457,71936,None,55,None,13,None,6,None,889,64,None,73393,73393,73393,2,0,2441,16,2457
20200515,WV,1441,69495,None,57,None,15,None,8,None,870,62,None,70936,70936,70936,2,0,2209,14,2223
20200514,WV,1427,67286,None,52,None,9,None,5,None,870,60,None,68713,68713,68713,2,0,2004,29,2033
20200513,WV,1398,65282,None,58,None,11,None,6,None,813,58,None,66680,66680,66680,1,0,1584,27,1611
20200512,WV,1371,63698,None,50,None,9,None,5,None,803,57,None,65069,65069,65069,3,0,1595,5,1600
20200511,WV,1366,62103,None,49,None,10,None,6,None,775,54,None,63469,63469,63469,0,0,819,6,825
20200510,WV,1360,61284,None,49,None,10,None,6,None,775,54,None,62644,62644,62644,1,0,1622,25,1647
20200509,WV,1335,59662,None,53,None,13,None,7,None,761,53,None,60997,60997,60997,2,0,1536,25,1561
20200508,WV,1310,58126,None,65,None,19,None,11,None,761,51,None,59436,59436,59436,0,0,1892,23,1915
20200507,WV,1287,56234,None,76,None,22,None,12,None,716,51,None,57521,57521,57521,1,0,1698,39,1737
20200506,WV,1248,54536,None,76,None,22,None,12,None,716,50,None,55784,55784,55784,0,0,951,10,961
20200505,WV,1238,53585,None,64,None,23,None,12,None,630,50,None,54823,54823,54823,0,0,1552,32,1584
20200504,WV,1206,52033,None,73,None,28,None,15,None,611,50,None,53239,53239,53239,0,0,1586,15,1601
20200503,WV,1191,50447,None,73,None,28,None,15,None,611,50,None,51638,51638,51638,2,0,2470,22,2492
20200502,WV,1169,47977,None,76,None,29,None,15,None,572,48,None,49146,49146,49146,2,0,2269,33,2302
20200501,WV,1136,45708,None,81,None,33,None,18,None,555,46,None,46844,46844,46844,5,0,2285,18,2303
20200430,WV,1118,43423,None,84,None,38,None,20,None,545,41,None,44541,44541,44541,3,0,1447,23,1470
20200429,WV,1095,41976,None,102,None,40,None,21,None,504,38,None,43071,43071,43071,1,0,0,16,16
20200428,WV,1079,41976,None,87,None,28,None,15,None,481,37,None,43055,43055,43055,1,0,0,16,16
20200427,WV,1063,41976,None,100,None,38,None,20,None,455,36,None,43039,43039,43039,2,0,3957,19,3976
20200426,WV,1044,38019,None,100,None,38,None,20,None,455,34,None,39063,39063,39063,2,0,6073,24,6097
20200425,WV,1020,31946,None,97,None,36,None,19,None,439,32,None,32966,32966,32966,0,0,3123,32,3155
20200424,WV,988,28823,None,97,None,36,None,19,None,439,32,None,29811,29811,29811,3,0,1885,21,1906
20200423,WV,967,26938,None,108,None,44,None,24,None,380,29,None,27905,27905,27905,3,0,2041,28,2069
20200422,WV,939,24897,None,103,None,41,None,23,None,330,26,None,25836,25836,25836,0,0,3048,25,3073
20200421,WV,914,21849,None,85,None,42,None,24,None,330,26,None,22763,22763,22763,2,0,596,12,608
20200420,WV,902,21253,None,77,None,37,None,23,None,290,24,None,22155,22155,22155,6,0,2085,39,2124
20200419,WV,863,19168,None,72,None,37,None,25,None,265,18,None,20031,20031,20031,2,0,513,78,591
20200418,WV,785,18655,None,83,None,40,None,27,None,255,16,None,19440,19440,19440,3,0,728,31,759
20200417,WV,754,17927,None,85,None,34,None,24,None,223,13,None,18681,18681,18681,0,0,360,15,375
20200416,WV,739,17567,None,85,None,34,None,24,None,223,13,None,18306,18306,18306,3,0,613,37,650
20200415,WV,702,16954,None,82,164,36,73,23,50,211,10,164,17656,17656,17656,1,0,556,62,618
20200414,WV,640,16398,None,87,164,38,73,25,50,147,9,164,17038,17038,17038,0,0,369,14,383
20200413,WV,626,16029,None,95,164,43,73,23,50,85,9,164,16655,16655,16655,1,164,383,15,398
20200412,WV,611,15646,None,81,None,36,None,24,None,83,8,None,16257,16257,16257,3,0,771,34,805
20200411,WV,577,14875,None,85,None,40,None,22,None,63,5,None,15452,15452,15452,0,0,874,23,897
20200410,WV,554,14001,None,85,None,20,None,22,None,63,5,None,14555,14555,14555,0,0,661,31,692
20200409,WV,523,13340,None,None,None,None,None,None,None,None,5,None,13863,13863,13863,1,0,1257,61,1318
20200408,WV,462,12083,None,None,None,None,None,None,None,None,4,None,12545,12545,12545,0,0,436,50,486
20200407,WV,412,11647,None,None,None,None,None,None,None,None,4,None,12059,12059,12059,0,0,2052,67,2119
20200406,WV,345,9595,None,None,None,None,None,None,None,None,4,None,9940,9940,9940,1,0,1081,21,1102
20200405,WV,324,8514,None,None,None,None,None,None,None,None,3,None,8838,8838,8838,1,0,1110,42,1152
20200404,WV,282,7404,None,None,None,None,None,None,None,None,2,None,7686,7686,7686,0,0,1274,45,1319
20200403,WV,237,6130,None,None,1,None,None,None,None,None,2,1,6367,6367,6367,0,0,854,20,874
20200402,WV,217,5276,None,None,1,None,None,None,None,None,2,1,5493,5493,5493,1,0,892,26,918
20200401,WV,191,4384,None,None,1,None,None,None,None,None,1,1,4575,4575,4575,0,0,403,29,432
20200331,WV,162,3981,None,None,1,None,None,None,None,None,1,1,4143,4143,4143,0,0,997,36,1033
20200330,WV,126,2984,0,None,1,None,None,None,None,None,1,1,3110,3110,3110,1,0,279,13,292
20200329,WV,113,2705,0,None,1,None,None,None,None,None,0,1,2818,2818,2818,0,0,374,17,391
20200328,WV,96,2331,6,None,1,None,None,None,None,None,0,1,2433,2427,2427,0,0,552,20,572
20200327,WV,76,1779,43,None,1,None,None,None,None,None,0,1,1898,1855,1855,0,0,748,25,773
20200326,WV,51,1031,19,None,1,None,None,None,None,None,0,1,1101,1082,1082,0,0,272,12,284
20200325,WV,39,759,6,None,1,None,None,None,None,None,0,1,804,798,798,0,0,149,19,168
20200324,WV,20,610,0,None,1,None,None,None,None,None,0,1,630,630,630,0,0,166,4,170
20200323,WV,16,444,4,None,1,None,None,None,None,None,0,1,464,460,460,0,0,59,4,63
20200322,WV,12,385,1,None,1,None,None,None,None,None,0,1,398,397,397,0,0,55,1,56
20200321,WV,11,330,2,None,1,None,None,None,None,None,0,1,343,341,341,0,1,111,4,115
20200320,WV,7,219,13,None,None,None,None,None,None,None,0,None,239,226,226,0,0,76,5,81
20200319,WV,2,143,3,None,None,None,None,None,None,None,0,None,148,145,145,0,0,21,1,22
20200318,WV,1,122,14,None,None,None,None,None,None,None,0,None,137,123,123,0,0,42,1,43
20200317,WV,0,80,4,None,None,None,None,None,None,None,0,None,84,80,80,0,0,0,0,0
20200316,WV,0,80,4,None,None,None,None,None,None,None,0,None,84,80,80,0,0,42,0,42
20200315,WV,0,38,1,None,None,None,None,None,None,None,0,None,39,38,38,0,0,12,0,12
20200314,WV,0,26,5,None,None,None,None,None,None,None,None,None,31,26,26,0,0,9,0,9
20200313,WV,0,17,4,None,None,None,None,None,None,None,None,None,21,17,17,0,0,10,0,10
20200312,WV,0,7,1,None,None,None,None,None,None,None,None,None,8,7,7,0,0,4,0,4
20200311,WV,0,3,2,,,,,,,,,,5,3,3,0,0,1,0,1
20200310,WV,0,2,3,,,,,,,,,,5,2,2,0,0,0,0,0
20200309,WV,0,2,3,,,,,,,,,,5,2,2,0,0,0,0,0
20200308,WV,0,2,3,,,,,,,,,,5,2,2,0,0,0,0,0
20200307,WV,0,2,3,,,,,,,,,,5,2,2,0,0,1,0,1
20200306,WV,0,1,4,,,,,,,,,,5,1,1,None,None,None,None,None
