date,state,positive,negative,pending,hospitalizedCurrently,hospitalizedCumulative,inIcuCurrently,inIcuCumulative,onVentilatorCurrently,onVentilatorCumulative,recovered,death,hospitalized,total,totalTestResults,posNeg,deathIncrease,hospitalizedIncrease,negativeIncrease,positiveIncrease,totalTestResultsIncrease
20200519,WY,766,17084,None,8,73,None,None,None,None,504,10,73,17850,17850,17850,2,0,753,12,765
20200518,WY,754,16331,None,8,73,None,None,None,None,498,8,73,17085,17085,17085,0,3,0,0,0
20200517,WY,754,16331,None,8,70,None,None,None,None,498,8,70,17085,17085,17085,1,1,653,38,691
20200516,WY,716,15678,None,8,69,None,None,None,None,496,7,69,16394,16394,16394,0,1,371,1,372
20200515,WY,715,15307,None,8,68,None,None,None,None,487,7,68,16022,16022,16022,0,1,578,14,592
20200514,WY,701,14729,None,8,67,None,None,None,None,480,7,67,15430,15430,15430,0,0,345,26,371
20200513,WY,675,14384,None,10,67,None,None,None,None,477,7,67,15059,15059,15059,0,0,0,0,0
20200512,WY,675,14384,None,10,67,None,None,None,None,477,7,67,15059,15059,15059,0,1,2981,13,2994
20200511,WY,662,11403,None,12,66,None,None,None,None,443,7,66,12065,12065,12065,0,1,0,1,1
20200510,WY,661,11403,None,12,65,None,None,None,None,443,7,65,12064,12064,12064,0,1,0,17,17
20200509,WY,644,11403,None,12,64,None,None,None,None,438,7,64,12047,12047,12047,0,4,0,9,9
20200508,WY,635,11403,None,9,60,None,None,None,None,428,7,60,12038,12038,12038,0,1,0,4,4
20200507,WY,631,11403,None,11,59,None,None,None,None,416,7,59,12034,12034,12034,0,-1,0,27,27
20200506,WY,604,11403,None,11,60,None,None,None,None,409,7,60,12007,12007,12007,0,0,1084,8,1092
20200505,WY,596,10319,None,13,60,None,None,None,None,405,7,60,10915,10915,10915,0,0,451,10,461
20200504,WY,586,9868,None,13,60,None,None,None,None,391,7,60,10454,10454,10454,0,0,228,7,235
20200503,WY,579,9640,None,13,60,None,None,None,None,391,7,60,10219,10219,10219,0,2,177,13,190
20200502,WY,566,9463,None,13,58,None,None,None,None,387,7,58,10029,10029,10029,0,2,327,7,334
20200501,WY,559,9136,None,13,56,None,None,None,None,373,7,56,9695,9695,9695,0,0,234,15,249
20200430,WY,544,8902,None,13,56,None,None,None,None,371,7,56,9446,9446,9446,0,0,221,8,229
20200429,WY,536,8681,None,12,56,None,None,None,None,362,7,56,9217,9217,9217,0,0,455,147,602
20200428,WY,389,8226,None,16,56,None,None,None,None,343,7,56,8615,8615,8615,0,2,429,19,448
20200427,WY,370,7797,None,16,54,None,None,None,None,342,7,54,8167,8167,8167,0,0,0,8,8
20200426,WY,362,7797,None,16,54,None,None,None,None,334,7,54,8159,8159,8159,0,0,0,13,13
20200425,WY,349,7797,None,16,54,None,None,None,None,321,7,54,8146,8146,8146,0,0,101,0,101
20200424,WY,349,7696,None,16,54,None,None,None,None,321,7,54,8045,8045,8045,0,2,455,23,478
20200423,WY,326,7241,None,None,52,None,None,None,None,275,7,52,7567,7567,7567,1,0,-60,4,-56
20200422,WY,322,7301,None,19,52,None,None,None,None,254,6,52,7623,7623,7623,0,0,0,2,2
20200421,WY,320,7301,None,19,52,None,None,None,None,237,6,52,7621,7621,7621,4,1,228,7,235
20200420,WY,313,7073,None,19,51,None,None,None,None,233,2,51,7386,7386,7386,0,1,101,4,105
20200419,WY,309,6972,None,19,50,None,None,None,None,227,2,50,7281,7281,7281,0,0,755,4,759
20200418,WY,305,6217,None,19,50,None,None,None,None,206,2,50,6522,6522,6522,0,7,86,9,95
20200417,WY,296,6131,None,19,43,None,None,None,None,148,2,43,6427,6427,6427,0,0,0,0,0
20200416,WY,296,6131,None,19,43,None,None,None,None,148,2,43,6427,6427,6427,0,0,89,9,98
20200415,WY,287,6042,None,None,43,None,None,None,None,129,2,43,6329,6329,6329,1,0,353,12,365
20200414,WY,275,5689,None,None,43,None,None,None,None,140,1,43,5964,5964,5964,0,2,0,0,0
20200413,WY,275,5689,None,None,41,None,None,None,None,138,1,41,5964,5964,5964,1,1,491,14,505
20200412,WY,261,5198,None,None,40,None,None,None,None,137,0,40,5459,5459,5459,0,3,0,0,0
20200411,WY,261,5198,None,None,37,None,None,None,None,129,0,37,5459,5459,5459,0,0,462,8,470
20200410,WY,253,4736,None,None,37,None,None,None,None,105,0,37,4989,4989,4989,0,3,816,23,839
20200409,WY,230,3920,None,None,34,None,None,None,None,94,0,34,4150,4150,4150,0,1,77,9,86
20200408,WY,221,3843,None,None,33,None,None,None,None,62,0,33,4064,4064,4064,0,0,54,5,59
20200407,WY,216,3789,None,None,33,None,None,None,None,62,0,33,4005,4005,4005,0,10,70,6,76
20200406,WY,210,3719,None,None,23,None,None,None,None,52,0,23,3929,3929,3929,0,0,679,13,692
20200405,WY,197,3040,None,None,23,None,None,None,None,50,0,23,3237,3237,3237,0,0,95,10,105
20200404,WY,187,2945,None,None,23,None,None,None,None,49,0,23,3132,3132,3132,0,2,241,25,266
20200403,WY,162,2704,None,None,21,None,None,None,None,37,0,21,2866,2866,2866,0,2,265,12,277
20200402,WY,150,2439,None,None,19,None,None,None,None,31,0,19,2589,2589,2589,0,1,221,20,241
20200401,WY,130,2218,None,None,18,None,None,None,None,31,0,18,2348,2348,2348,0,1,219,21,240
20200331,WY,109,1999,None,None,17,None,None,None,None,26,0,17,2108,2108,2108,0,0,159,15,174
20200330,WY,94,1840,None,None,17,None,None,None,None,24,0,17,1934,1934,1934,0,2,286,8,294
20200329,WY,86,1554,None,None,15,None,None,None,None,20,0,15,1640,1640,1640,0,1,79,4,83
20200328,WY,82,1475,None,None,14,None,None,None,None,18,0,14,1557,1557,1557,0,3,264,12,276
20200327,WY,70,1211,None,None,11,None,None,None,None,17,0,11,1281,1281,1281,0,11,159,17,176
20200326,WY,53,1052,None,None,None,None,None,None,None,12,None,None,1105,1105,1105,0,0,98,9,107
20200325,WY,44,954,None,None,None,None,None,None,None,7,None,None,998,998,998,0,0,244,15,259
20200324,WY,29,710,None,None,None,None,None,None,None,None,None,None,739,739,739,0,0,118,3,121
20200323,WY,26,592,None,None,None,None,None,None,None,None,None,None,618,618,618,0,0,154,2,156
20200322,WY,24,438,None,None,None,None,None,None,None,None,None,None,462,462,462,0,0,0,1,1
20200321,WY,23,438,None,None,None,None,None,None,None,None,None,None,461,461,461,0,0,107,4,111
20200320,WY,19,331,None,None,None,None,None,None,None,None,None,None,350,350,350,0,0,60,1,61
20200319,WY,18,271,None,None,None,None,None,None,None,None,None,None,289,289,289,0,0,93,3,96
20200318,WY,15,178,None,None,None,None,None,None,None,None,None,None,193,193,193,0,0,83,5,88
20200317,WY,10,95,None,None,None,None,None,None,None,None,None,None,105,105,105,0,0,95,7,102
20200316,WY,3,None,None,None,None,None,None,None,None,None,None,None,3,3,3,0,0,0,0,0
20200315,WY,3,None,None,None,None,None,None,None,None,None,None,None,3,3,3,0,0,0,1,1
20200314,WY,2,None,None,None,None,None,None,None,None,None,None,None,2,2,2,0,0,0,1,1
20200313,WY,1,None,None,None,None,None,None,None,None,None,None,None,1,1,1,0,0,0,0,0
20200312,WY,1,None,None,None,None,None,None,None,None,None,None,None,1,1,1,0,0,0,1,1
20200311,WY,0,,,,,,,,,,,,0,0,0,0,0,0,0,0
20200310,WY,0,0,0,,,,,,,,,,0,0,0,0,0,0,0,0
20200309,WY,0,,,,,,,,,,,,0,0,0,0,0,0,0,0
20200308,WY,0,,,,,,,,,,,,0,0,0,0,0,0,0,0
20200307,WY,0,,,,,,,,,,,,0,0,0,None,None,None,None,None
